020101003801202104
020101012701202104
020101012709202104
020101013501202104
020101013509202104
020101014301202104
020101014307202104
020101014309202104
020101016001202104
020101016009202104
020101020801202104
020101020809202104
020101024001202104
020101024007202104
020101024009202104
020101025901202104
020101026701202104
020101026707202104
020101026709202104
020101027503202104
020101027507202104
020101027509202104
020101030501202104
020101030507202104
020101030509202104
020101031301202104
020101031307202104
020101031309202104
020101032101202104
020101032107202104
020101032109202104
020101033001202104
020101033007202104
020101033009202104
020101040201202104
020101040207202104
020101040209202104
020101053401202104
020101053409202104
020101055001202104
020101055009202104
020904003301202104
020904003307202104
020904003309202104
020904005001202104
020904005007202104
020904005009202104
021105009101202104
021105010503202104
021105010507202104
021105010509202104
021105014801202104
030106001003202104
030106001007202104
030106007001202104
030106007003202104
030106007007202104
030106007009202104
030106008803202104
030109001703202104
030109001709202104
030109001713202104
030109002503202104
030109002509202104
030109002513202104
030301001003202104
030301001007202104
030301002903202104
030301002907202104
030301003703202104
030301003707202104
030301004503202104
030301004507202104
030301005303202104
030301005307202104
030301006103202104
030301006107202104
030301007003202104
030301007007202104
030301008803202104
030301008807202104
030301009603202104
030301009607202104
030301010003202104
030301010007202104
030301011803202104
030301011807202104
030301012603202104
030301012607202104
030301013403202104
030301013407202104
030301014203202104
030301014207202104
030301015003202104
030301015007202104
030301016903202104
030301016907202104
030301017703202104
030301017707202104
030301018503202104
030301018507202104
030301019303202104
030301019307202104
030301020703202104
030301020707202104
030301021503202104
030301021506202104
030301021507202104
030301022303202104
030301022307202104
030301022317202104
030302003203202104
030302003207202104
030302004003202104
030302004007202104
030302005903202104
030302005907202104
030302006703202104
030302006707202104
030302007503202104
030302007507202104
030302008303202104
030302008307202104
030303001107202104
030303001111202104
030303002003202104
030303002007202104
030303003803202104
030303003807202104
030303004603202104
030303004607202104
030303005403202104
030303005407202104
030303006203202104
030303006207202104
030304001703202104
030304001707202104
030304002503202104
030304002507202104
030304003303202104
030304003307202104
030304004103202104
030304004107202104
030304005003202104
030304005007202104
030304006803202104
030304006807202104
030304007603202104
030304007607202104
030304008401202104
030304008403202104
030304008407202104
030304009201202104
030304009203202104
030304009207202104
030304010603202104
030304010607202104
030304011401202104
030304011403202104
030304011407202104
030304012201202104
030304012203202104
030304012207202104
030304013003202104
030304013007202104
030304014903202104
030304014907202104
030304015703202104
030304015707202104
030304016503202104
030304016507202104
030304017303202104
030304017307202104
030304018103202104
030304019003202104
030304019007202104
030304020303202104
030304020307202104
030304021103202104
030304021107202104
030304022003202104
030304022007202104
030304023803202104
030304023807202104
030304024603202104
030304024607202104
030304025403202104
030304025407202104
030304026203202104
030304026207202104
030304027003202104
030304027007202104
030304028903202104
030304029703202104
030304029707202104
030304030003202104
030305013603202104
030305013607202104
030305014403202104
030305014407202104
030306001803202104
030306001807202104
030306002603202104
030306002607202104
030306003403202104
030306003407202104
030306004203202104
030306004207202104
030306005003202104
030306005007202104
030306006903202104
030306006907202104
030306007703202104
030306007707202104
030306008503202104
030306008507202104
030306009303202104
030306009307202104
030306010703202104
030306010707202104
030306011503202104
030306011507202104
030306012303202104
030306012307202104
030306013103202104
030306013107202104
030306014003202104
030306014007202104
030306015803202104
030306015807202104
030306016603202104
030306016607202104
030306017403202104
030306017407202104
030306018203202104
030306018207202104
030306019003202104
030306019007202104
030306020403202104
030306020407202104
030306021203202104
030306021207202104
030306022001202104
030306022003202104
030306022007202104
030306023903202104
030306023907202104
030306024703202104
030306024707202104
030306025503202104
030306025507202104
030306026303202104
030306026307202104
030306027103202104
030306027107202104
030306028003202104
030306028007202104
030306029803202104
030306029807202104
030306030103202104
030306030107202104
030307006403202104
030307006407202104
030307007203202104
030307007207202104
030307008003202104
030307008007202104
030307009903202104
030307009907202104
030307010203202104
030307010207202104
030307011003202104
030307011007202104
030307012903202104
030307012907202104
030307013701202104
030308004303202104
030308004307202104
030308005103202104
030308005107202104
030308006003202104
030308006007202104
030308007803202104
030308007807202104
030308008603202104
030308008607202104
030308009403202104
030308009407202104
030309013803202104
030309013807202104
030309013809202104
030309019703202104
030309019707202104
030309019709202104
030309023503202104
030309023507202104
030309023509202104
030309031603202104
030309031607202104
030310001002202104
030310001003202104
030310001007202104
030310002802202104
030310002803202104
030310002807202104
030310003602202104
030310003603202104
030310003607202104
030310004402202104
030310004403202104
030310004407202104
030310005202202104
030310005203202104
030310005207202104
030311001503202104
030311001507202104
030311002303202104
030311002307202104
030311003103202104
030311003107202104
030311004003202104
030311004007202104
030311005803202104
030311005807202104
030311006603202104
030311006607202104
030311007403202104
030311007407202104
030311008203202104
030311008207202104
030311009003202104
030311009007202104
030311010403202104
030311010407202104
030311011203202104
030311011207202104
030313001604202104
030313002404202104
030313003204202104
030313004004202104
030313005904202104
030313006704202104
030313007504202104
030313008304202104
030314002003202104
030314002007202104
030314003803202104
030314003807202104
030314004603202104
030314004607202104
030314005403202104
030314005407202104
030314006203202104
030314006207202104
030314007003202104
030314007007202104
030314008903202104
030314008907202104
030314009703202104
030314009707202104
030314010003202104
030314010007202104
030314011903202104
030314011907202104
030314012703202104
030314012707202104
030314013503202104
030314013507202104
030314014303202104
030314014307202104
030314015103202104
030314015107202104
030315001703202104
030315001707202104
030315002503202104
030315002507202104
030315003303202104
030315003307202104
030315004103202104
030315004107202104
030315005003202104
030315005007202104
030315006803202104
030315006807202104
030316001207202104
030316002007202104
030316003907202104
030316004707202104
030316005507202104
030316006307202104
030316007107202104
030317009305202104
030317009307202104
030317010707202104
030317010714202104
030317013102202104
030317013103202104
030317013105202104
030317013107202104
030317013187202104
030317014002202104
030317014003202104
030317014005202104
030317014007202104
030317014087202104
030317015802202104
030317015803202104
030317015805202104
030317015807202104
030317015887202104
030317016602202104
030317016603202104
030317016605202104
030317016607202104
030317016687202104
030317017402202104
030317017403202104
030317017405202104
030317017407202104
030317017487202104
030317018202202104
030317018203202104
030317018205202104
030317018207202104
030317018287202104
030317019005202104
030317019007202104
030317020405202104
030317020407202104
030318001303202104
030318001307202104
030318003003202104
030318003007202104
030318004803202104
030318004807202104
030318005603202104
030318005607202104
030318006403202104
030318006407202104
030318007207202104
030318007210202104
030319001903202104
030319001907202104
030319001908202104
030401011103202104
030401011107202104
030401035903202104
030401035907202104
030401049903202104
030401049907202104
030401059603202104
030401059607202104
030408002003202104
030408002007202104
030408003903202104
030408003907202104
030408003909202104
030408004703202104
030408006303202104
030409001803202104
030409001807202104
030409002603202104
030409002607202104
030409003403202104
030409003407202104
030409004203202104
030409004207202104
030410001303202104
030410001307202104
030410001309202104
030410002103202104
030410002107202104
030501017403202104
030501017407202104
030502001303202104
030502001307202104
030502002103202104
030502002107202104
030502003003202104
030502003007202104
030502004803202104
030502004807202104
030502005603202104
030502005607202104
030701005801202104
030701005803202104
030701005807202104
030701005809202104
030702003701202104
030702003703202104
030702003707202104
030702003709202104
030702004501202104
030702004503202104
030702004507202104
030702004509202104
030702005301202104
030702005303202104
030702005307202104
030702005309202104
030702006101202104
030702006103202104
030702006107202104
030702006109202104
030702008801202104
030702008803202104
030702008807202104
030702008809202104
030702009601202104
030702009603202104
030702009607202104
030702009609202104
030702010001202104
030702010003202104
030702010007202104
030702010009202104
030702011801202104
030702011803202104
030702011807202104
030702011809202104
030703003201202104
030703003203202104
030703003207202104
030703003209202104
030704001101202104
030704001103202104
030704001107202104
030704001109202104
030704006201202104
030704006203202104
030704006207202104
030704006209202104
030704008901202104
030704008903202104
030704008907202104
030704008909202104
030801001901202104
030801001903202104
030801001907202104
030801002703202104
030801002707202104
030801003501202104
030801003503202104
030801003507202104
030801004301202104
030801004303202104
030801004307202104
030802002203202104
030802002207202104
030802003003202104
030802003007202104
030803001003202104
030803001007202104
030803002803202104
030803002807202104
030803003601202104
030803003603202104
030803003607202104
030803003683202104
030804001501202104
030804001503202104
030804001507202104
030804002303202104
030804002307202104
030901003901202104
030901003903202104
030901003907202104
031001003901202104
031001003902202104
031001003903202104
031001004701202104
031001004702202104
031001004703202104
031001005502202104
040102001001202104
040102001007202104
040102001009202104
040102002901202104
040102002907202104
040102002909202104
040102003701202104
040102003707202104
040102003709202104
040102004501202104
040102004507202104
040102004509202104
040102005301202104
040102005307202104
040102005309202104
040102006101202104
040102006107202104
040102006109202104
040102007001202104
040102007007202104
040102007009202104
040102008801202104
040102008807202104
040102008809202104
040102009601202104
040102009607202104
040102009609202104
040102010001202104
040102010007202104
040102010009202104
040102011801202104
040102011807202104
040102011809202104
040102012601202104
040102012607202104
040102012609202104
040102013401202104
040102013409202104
040102014201202104
040102014207202104
040102014209202104
040102015001202104
040102015007202104
040102015009202104
040102016901202104
040102016907202104
040102016909202104
040201001901202104
040201001907202104
040201002701202104
040201002707202104
040201003501202104
040201003507202104
040201003509202104
040201004301202104
040201004307202104
040201004309202104
040201005101202104
040201005107202104
040202001401202104
040202001407202104
040202002201202104
040202002207202104
040301001201202104
040301001207202104
040301002001202104
040301002007202104
040301003901202104
040301003907202104
040301004701202104
040301004707202104
040301005501202104
040301005507202104
040301006301202104
040301006307202104
040301007101202104
040301007107202104
040301008001202104
040301008007202104
040301008009202104
040301009801202104
040301009807202104
040301010101202104
040301010107202104
040301011001202104
040301011007202104
040301012801202104
040301012807202104
040301013601202104
040301013607202104
040301014401202104
040301014407202104
040301015201202104
040301015207202104
040301016001202104
040301016007202104
040301017901202104
040301017907202104
040301018701202104
040301018707202104
040301019501202104
040301019507202104
040301020901202104
040301020907202104
040301021701202104
040301021707202104
040301022501202104
040301022507202104
040301023301202104
040301023307202104
040301024101202104
040301024107202104
040301025001202104
040301025007202104
040301026801202104
040301026807202104
040301027601202104
040301027607202104
040301028401202104
040301028407202104
040301029201202104
040301029207202104
040301030601202104
040301030607202104
040301031401202104
040301031407202104
040301032201202104
040301032207202104
040301033001202104
040301033007202104
040301034901202104
040301034907202104
040301035701202104
040301035707202104
040301036501202104
040301036507202104
040301039001202104
040301039003202104
040301039007202104
040302001801202104
040302001807202104
040302002601202104
040302002607202104
040302003401202104
040302003407202104
040302004201202104
040302004207202104
040302005001202104
040302005007202104
040302006901202104
040302006907202104
040302007701202104
040302007707202104
040302007709202104
040302008501202104
040302008507202104
040302008509202104
040302009301202104
040302009307202104
040302009309202104
040302010701202104
040302010707202104
040302011501202104
040302011507202104
040302012301202104
040302012307202104
040302012309202104
040302013101202104
040302013107202104
040303001301202104
040303001307202104
040303002101202104
040303002107202104
040303003001202104
040303003007202104
040303004801202104
040303004807202104
040303005601202104
040303005607202104
040303006401202104
040303006407202104
040303008001202104
040303008007202104
040303009901202104
040303009907202104
040303010201202104
040303010207202104
040303011001202104
040303011007202104
040303012901202104
040303012907202104
040303013701202104
040303013707202104
040303014501202104
040303014507202104
040303015301202104
040303015307202104
040303016101202104
040303016107202104
040304001901202104
040304001907202104
040304002701202104
040304002707202104
040304005101202104
040304005107202104
040304006001202104
040304006007202104
040304007801202104
040304007807202104
040304008601202104
040304008607202104
040304009401202104
040304009407202104
040304010801202104
040304010807202104
040304011601202104
040304011607202104
040304012401202104
040304012407202104
040305003001202104
040305003003202104
040305003007202104
040305004901202104
040305004907202104
040305005701202104
040305006501202104
040305006507202104
040305007301202104
040305007307202104
040305009001202104
040305009007202104
040305009009202104
040305010301202104
040305010307202104
040305010309202104
040305011101202104
040305011107202104
040305012001202104
040305012007202104
040305013801202104
040305013807202104
040305014601202104
040305014607202104
040305015401202104
040305015407202104
040305016201202104
040306001001202104
040306001007202104
040306002801202104
040306002807202104
040306003601202104
040306003607202104
040306004401202104
040306004407202104
040306005201202104
040306005207202104
040306006001202104
040306006007202104
040306007901202104
040306007907202104
040306008701202104
040306008707202104
040306009501202104
040306009507202104
040307001501202104
040307004001202104
040307004007202104
040307005801202104
040307005807202104
040307008201202104
040307009001202104
040307010401202104
040307011201202104
040307012001202104
040307013901202104
040307013907202104
040307014701202104
040307014707202104
040307015501202104
040307015507202104
040307016301202104
040307016307202104
040308001001202104
040308002901202104
040308003701202104
040308004501202104
040308005301202104
040308005307202104
040308006101202104
040308007001202104
040308007007202104
040308008801202104
040308008807202104
040308009601202104
040308009607202104
040308010001202104
040401001601202104
040401001605202104
040401001609202104
040401002401202104
040401002407202104
040401002409202104
040401003201202104
040401003207202104
040401003209202104
040401004001202104
040401004007202104
040401004009202104
040401005901202104
040401005907202104
040401005909202104
040401006701202104
040401006707202104
040401006709202104
040401008301202104
040401008307202104
040401008309202104
040401010501202104
040401010507202104
040401010509202104
040401011301202104
040401011307202104
040401011309202104
040401012101202104
040401012107202104
040401012109202104
040401013001202104
040401013007202104
040401013009202104
040401014801202104
040401014807202104
040401014809202104
040401016401202104
040401016407202104
040401016409202104
040401017201202104
040401017207202104
040401018001202104
040401018007202104
040401019901202104
040401019907202104
040401020201202104
040401020207202104
040401021001202104
040401021007202104
040401021009202104
040401022901202104
040401022907202104
040401022909202104
040401023701202104
040401023707202104
040401023709202104
040401028801202104
040401028807202104
040401028809202104
040401031801202104
040401031807202104
040401031809202104
040401032601202104
040401032607202104
040401032609202104
040401033401202104
040401033407202104
040401033409202104
040401035001202104
040401035007202104
040401035009202104
040401037701202104
040401037707202104
040401037709202104
040401038501202104
040401038507202104
040401038509202104
040401040701202104
040401040707202104
040401040709202104
040401041501202104
040401041507202104
040401041509202104
040401043101202104
040401043107202104
040401045801202104
040401045807202104
040401046601202104
040401046607202104
040401046609202104
040401047401202104
040401047407202104
040401047409202104
040401048201202104
040401048207202104
040401048209202104
040401049001202104
040401049007202104
040401049009202104
040401050401202104
040401050407202104
040401050409202104
040401051201202104
040401051207202104
040401051209202104
040401052001202104
040401052007202104
040401052009202104
040401053901202104
040401053907202104
040401053909202104
040401054701202104
040401054707202104
040401055501202104
040401055507202104
040401055509202104
040401056301202104
040401056309202104
040401057101202104
040401057107202104
040401058001202104
040401058007202104
040401059801202104
040401059807202104
040401060101202104
040401060107202104
040401061001202104
040401061007202104
040401062801202104
040401062807202104
040401063601202104
040401063607202104
040401064401202104
040401064407202104
040401065201202104
040401065207202104
040402001101202104
040402001107202104
040402001109202104
040402003801202104
040402003807202104
040402003809202104
040402004601202104
040402004607202104
040402004609202104
040402006201202104
040402006207202104
040402007001202104
040402007007202104
040402007009202104
040402008901202104
040402008907202104
040402008909202104
040402010001202104
040402010003202104
040402010007202104
040402010009202104
040402011901202104
040402011907202104
040402011909202104
040402013501202104
040402013507202104
040402014301202104
040402014307202104
040402014309202104
040402017801202104
040402017807202104
040402020801202104
040402020807202104
040402020809202104
040402022401202104
040402022407202104
040402023201202104
040402023207202104
040402023209202104
040402024001202104
040402024007202104
040402024009202104
040402027501202104
040402027507202104
040402029101202104
040402029107202104
040402031301202104
040402031307202104
040402031309202104
040402032101202104
040402032107202104
040402032109202104
040402034801202104
040402034807202104
040402034809202104
040402035601202104
040402035607202104
040402035609202104
040402038001202104
040402038007202104
040402039901202104
040402039907202104
040402039909202104
040402042901202104
040402042907202104
040402042909202104
040402045301202104
040402045307202104
040402045309202104
040402046101202104
040402046107202104
040402046109202104
040402047001202104
040402047007202104
040402047009202104
040402048801202104
040402048807202104
040402048809202104
040402049601202104
040402049607202104
040402050001202104
040402050007202104
040402051801202104
040402051807202104
040402051809202104
040402052601202104
040402052607202104
040402053401202104
040402053407202104
040402054201202104
040402054207202104
040402054209202104
040402055001202104
040402055007202104
040402056901202104
040402056907202104
040402056909202104
040402057701202104
040402057707202104
040402057709202104
040402058501202104
040402058507202104
040402059301202104
040402059307202104
040402060701202104
040402060707202104
040402064001202104
040402064007202104
040402064009202104
040402065801202104
040402065807202104
040402065809202104
040402066601202104
040402066607202104
040402066609202104
040402069001202104
040402069007202104
040402070401202104
040402070407202104
040402071201202104
040402071207202104
040402071209202104
040402072001202104
040402072007202104
040402073901202104
040402073907202104
040402077101202104
040402077107202104
040402077109202104
040402078001202104
040402078007202104
040403001701202104
040403001707202104
040403001709202104
040403003301202104
040403003307202104
040403004101202104
040403004107202104
040403004109202104
040403005001202104
040403005007202104
040403005009202104
040403006801202104
040403006807202104
040403006809202104
040403007601202104
040403007607202104
040403007609202104
040403008401202104
040403008407202104
040403008409202104
040403010601202104
040403010607202104
040403010609202104
040403012201202104
040403012207202104
040403012209202104
040403013001202104
040403013007202104
040403013009202104
040403015701202104
040403015707202104
040403015709202104
040403016501202104
040403016507202104
040403016509202104
040403017301202104
040403017307202104
040403017309202104
040403019001202104
040403019007202104
040403019009202104
040403022001202104
040403022007202104
040403022009202104
040403024601202104
040403024607202104
040403024609202104
040403025401202104
040403025407202104
040403025409202104
040403026201202104
040403026207202104
040403026209202104
040403027001202104
040403027007202104
040403027009202104
040403028901202104
040403028907202104
040403029701202104
040403029707202104
040403030001202104
040403030007202104
040403031901202104
040403031907202104
040403031909202104
040403032701202104
040403032707202104
040501001001202104
040501001007202104
040501001009202104
040501002801202104
040501002807202104
040501002809202104
040501003601202104
040501003607202104
040501003609202104
040501007901202104
040501007907202104
040501007909202104
040501008701202104
040501008707202104
040501008709202104
040501011701202104
040501011707202104
040501011709202104
040501012501202104
040501012507202104
040501012509202104
040501013301202104
040501013307202104
040501013309202104
040501015001202104
040501015007202104
040501015009202104
040501017601202104
040501017607202104
040501017609202104
040502001501202104
040502001507202104
040502001509202104
040502002301202104
040502002307202104
040502002309202104
040503001001202104
040503001007202104
040503001009202104
040503002901202104
040503002907202104
040503002909202104
040503007001202104
040503007007202104
040503007009202104
040503009601202104
040503009607202104
040503009609202104
040503011801202104
040503011807202104
040503011809202104
040503013401202104
040503013407202104
040503013409202104
040503014201202104
040503014207202104
040503014209202104
040503016901202104
040503016907202104
040503016909202104
040503017701202104
040503017707202104
040503017709202104
040503018501202104
040503018507202104
040503019301202104
040503019307202104
040503020701202104
040503020707202104
040503020709202104
040504001601202104
040504001607202104
040504001609202104
040504002401202104
040504002407202104
040504002409202104
040504004001202104
040504004007202104
040504004009202104
040504005901202104
040504005907202104
040504005909202104
040504006701202104
040504006707202104
040504006709202104
040504007501202104
040504007507202104
040504007509202104
040504008301202104
040504008307202104
040504008309202104
040504009101202104
040504009107202104
040504009109202104
040504010501202104
040504010507202104
040504010509202104
040504014801202104
040504014807202104
040504014809202104
040504015601202104
040504015607202104
040504015609202104
040504016401202104
040504016407202104
040504016409202104
040504018001202104
040504018007202104
040504020201202104
040504020207202104
040504020209202104
040504021001202104
040504021007202104
040504021009202104
040505001101202104
040505001107202104
040505001109202104
040505004601202104
040505004607202104
040505004609202104
040505005401202104
040505005407202104
040505005409202104
040505009701202104
040505009707202104
040505009709202104
040505010001202104
040505010007202104
040505010009202104
040505011901202104
040505011907202104
040505011909202104
040505013501202104
040505013507202104
040505013509202104
040505014301202104
040505014307202104
040505014309202104
040505015101202104
040505015107202104
040505015109202104
040505018601202104
040505018607202104
040505018609202104
040505021601202104
040505021607202104
040505021609202104
040505022401202104
040505022407202104
040505022409202104
040505023201202104
040505023207202104
040505023209202104
040505031301202104
040505031307202104
040505031309202104
040505032101202104
040505032107202104
040505032109202104
040505035601202104
040505035607202104
040505035609202104
040505037201202104
040505037207202104
040505037209202104
040505038001202104
040505038007202104
040505038009202104
040505039901202104
040505039907202104
040505039909202104
040505040201202104
040505040209202104
040601001301202104
040601001307202104
040601002101202104
040601003001202104
040601004801202104
040601005601202104
040601006401202104
040601007201202104
040601007207202104
040601008001202104
040601009901202104
040601010201202104
040601010207202104
040601011001202104
040601011007202104
040601013701202104
040601013707202104
040601015301202104
040601015307202104
040601016101202104
040601017001202104
040601017007202104
040601018801202104
040601019601202104
040601019607202104
040601020001202104
040601020007202104
040601021801202104
040601021807202104
040601022601202104
040601022607202104
040601023401202104
040601024201202104
040601025001202104
040601025007202104
040601026901202104
040601026907202104
040601027701202104
040601027707202104
040601028501202104
040601028507202104
040601029301202104
040601030701202104
040601031501202104
040601032301202104
040601033101202104
040601033107202104
040601034001202104
040601035801202104
040601036601202104
040601036607202104
040601037401202104
040601037407202104
040601038201202104
040601039001202104
040601039007202104
040601040401202104
040601041201202104
040601041207202104
040601042001202104
040601042007202104
040601043901202104
040601044701202104
040601044707202104
040601045501202104
040601046301202104
040601046307202104
040601047101202104
040601047107202104
040601048001202104
040601049801202104
040601049807202104
040601050101202104
040601051001202104
040601051007202104
040601052801202104
040601052807202104
040601053601202104
040601054401202104
040601055201202104
040601056001202104
040601056007202104
040601056009202104
040601057901202104
040601058701202104
040601058709202104
040601059501202104
040601060901202104
040601061701202104
040601062501202104
040601063301202104
040601063309202104
040601064101202104
040601064107202104
040601064109202104
040601065001202104
040601065009202104
040601066801202104
040601066807202104
040601066809202104
040601067601202104
040601067607202104
040601067609202104
040601068401202104
040601068407202104
040601068409202104
040601069201202104
040601069207202104
040601070601202104
040601071401202104
040601071407202104
040601071409202104
040601073001202104
040601075701202104
040601075707202104
040601076501202104
040601076507202104
040601077301202104
040601077307202104
040601078101202104
040601078107202104
040601079001202104
040601079009202104
040601080301202104
040601080307202104
040601081101202104
040601082001202104
040601082007202104
040601083801202104
040601084601202104
040601085401202104
040601085409202104
040601086201202104
040601086209202104
040601087001202104
040601087009202104
040601088901202104
040601089701202104
040601090001202104
040601090007202104
040601091901202104
040601091907202104
040601091909202104
040601092701202104
040601093501202104
040601094301202104
040601095101202104
040601096001202104
040601096003202104
040601096007202104
040601097801202104
040601097803202104
040601097807202104
040601098601202104
040601099401202104
040601100101202104
040601100109202104
040601101001202104
040601101009202104
040601102801202104
040601102809202104
040601103601202104
040601103609202104
040601104401202104
040601104407202104
040601104409202104
040601105201202104
040601105209202104
040601107901202104
040601108701202104
040601108709202104
040601109501202104
040601109509202104
040601110901202104
040601110909202104
040601111701202104
040601111709202104
040601112501202104
040601112509202104
040601113301202104
040601113307202104
040601113309202104
040601114101202104
040601114109202104
040601115001202104
040601115007202104
040601115009202104
040601116801202104
040601116809202104
040601117601202104
040601117609202104
040601118401202104
040601118409202104
040601119201202104
040601119209202104
040601120601202104
040601121401202104
040601121407202104
040601122201202104
040601122207202104
040601123001202104
040601124901202104
040601125701202104
040601126501202104
040601126507202104
040601127301202104
040601127307202104
040601128101202104
040601128107202104
040601129001202104
040601129007202104
040601130301202104
040601130307202104
040601131101202104
040601131107202104
040601132001202104
040601132007202104
040601133801202104
040601133807202104
040601134601202104
040601134607202104
040601135401202104
040601135407202104
040601136201202104
040601136207202104
040601137001202104
040601137007202104
040601138901202104
040601138907202104
040601139701202104
040601139707202104
040601140001202104
040601140007202104
040601141901202104
040601141907202104
040601142701202104
040601142707202104
040601143501202104
040601143507202104
040601144301202104
040601144307202104
040601145101202104
040601145107202104
040601146001202104
040601146007202104
040601147801202104
040601147807202104
040601148601202104
040601148607202104
040601149401202104
040601149407202104
040601150801202104
040601150807202104
040601151601202104
040601151607202104
040602001901202104
040602001907202104
040602002701202104
040602002707202104
040602003501202104
040602003507202104
040602004301202104
040602004307202104
040602005101202104
040602005107202104
040602007801202104
040602007807202104
040602007809202104
040602010801202104
040602011601202104
040602011607202104
040602011609202104
040602012401202104
040602012407202104
040602015901202104
040602015907202104
040602015909202104
040602016701202104
040602016707202104
040602016709202104
040602019101202104
040602019107202104
040602021301202104
040602022101202104
040602023001202104
040602024801202104
040602024807202104
040602025601202104
040602025607202104
040602026401202104
040602026407202104
040602027201202104
040602027207202104
040602028001202104
040602028007202104
040602030201202104
040602030207202104
040602031001202104
040602031007202104
040602032901202104
040602032907202104
040602033701202104
040602033707202104
040602034501202104
040602034507202104
040602035301202104
040602035307202104
040602036101202104
040602036107202104
040602037001202104
040602037007202104
040602038801202104
040602038807202104
040602039601202104
040602039607202104
040602040001202104
040602040007202104
040602041801202104
040602041807202104
040602042601202104
040602042607202104
040602043401202104
040602043407202104
040602044201202104
040602044207202104
040602045001202104
040602046901202104
040602046907202104
040602047701202104
040602047707202104
040602048501202104
040602048507202104
040602049301202104
040602049307202104
040602050701202104
040602050707202104
040602051501202104
040602051507202104
040602052301202104
040602053101202104
040602053107202104
040602054001202104
040602054007202104
040602055801202104
040602055807202104
040602056601202104
040602056607202104
040602056609202104
040602057401202104
040602057407202104
040602057409202104
040602058201202104
040602058207202104
040602059001202104
040602059007202104
040602060401202104
040602060407202104
040602060409202104
040602062001202104
040602062003202104
040602062007202104
040602062009202104
040603001401202104
040603002201202104
040603003001202104
040603004901202104
040603005701202104
040603005707202104
040603006501202104
040603007301202104
040603008101202104
040603008107202104
040603009001202104
040603009007202104
040603010301202104
040603010307202104
040603011101202104
040603011107202104
040603012001202104
040603012007202104
040603013801202104
040603013807202104
040603014601202104
040603014607202104
040603015401202104
040603015407202104
040604001001202104
040604001007202104
040604002801202104
040604002807202104
040604004401202104
040604004407202104
040604005201202104
040604005207202104
040604006001202104
040604006007202104
040604007901202104
040604007907202104
040604008701202104
040604009501202104
040604010901202104
040604010907202104
040604011701202104
040604011707202104
040604012501202104
040604012507202104
040604013301202104
040604014101202104
040604014107202104
040604015001202104
040604016801202104
040604017601202104
040604018401202104
040604019201202104
040604019207202104
040604020601202104
040604020607202104
040604020609202104
040604021401202104
040604021407202104
040604022201202104
040604022207202104
040604023001202104
040604023007202104
040604024901202104
040604024907202104
040604025701202104
040604025707202104
040604025709202104
040604026501202104
040604026507202104
040604027301202104
040604027307202104
040604027309202104
040604028101202104
040604029001202104
040604029007202104
040604029009202104
040604030301202104
040604030307202104
040604030309202104
040604031101202104
040604031107202104
040604031109202104
040604032001202104
040604032007202104
040604033801202104
040604033807202104
040605001501202104
040605001507202104
040605001509202104
040605002301202104
040605002307202104
040605002309202104
040605003101202104
040605003107202104
040605003109202104
040605004001202104
040605004007202104
040605004009202104
040605005801202104
040605005807202104
040605005809202104
040605006601202104
040605006607202104
040605006609202104
040605007401202104
040605007407202104
040605007409202104
040605008201202104
040605008207202104
040605008209202104
040605009001202104
040605009007202104
040605010401202104
040605010407202104
040605011201202104
040605012001202104
040605012007202104
040605012009202104
040605013901202104
040605013907202104
040605013909202104
040701001701202104
040701001707202104
040701003301202104
040701003307202104
040701004101202104
040701005001202104
040701005007202104
040701006801202104
040701006807202104
040701007601202104
040701008401202104
040701008407202104
040701009201202104
040701009207202104
040701010601202104
040701010607202104
040701011401202104
040701011407202104
040701012201202104
040701013001202104
040701014901202104
040701015701202104
040701015707202104
040701016501202104
040701016507202104
040701017301202104
040701018101202104
040701019001202104
040701019007202104
040701020301202104
040701020307202104
040701021101202104
040701021107202104
040701021109202104
040701022001202104
040701022007202104
040701022009202104
040701023801202104
040701023807202104
040701027001202104
040701027007202104
040701028901202104
040701029701202104
040701029707202104
040701030001202104
040701033501202104
040701033507202104
040701034301202104
040701034307202104
040701035101202104
040701035107202104
040701036001202104
040701037801202104
040701038601202104
040702001201202104
040702002001202104
040702003901202104
040702003907202104
040702004701202104
040702004707202104
040702006301202104
040702006307202104
040702007101202104
040702007107202104
040702008001202104
040702008007202104
040702009801202104
040702009807202104
040702010101202104
040702010107202104
040702011001202104
040702011007202104
040702011009202104
040702013601202104
040702013607202104
040702013609202104
040702014401202104
040702014407202104
040702014409202104
040702015201202104
040702015207202104
040702017901202104
040702017907202104
040702018701202104
040702018707202104
040702019501202104
040702019507202104
040702020901202104
040702020907202104
040702021701202104
040702021709202104
040702022501202104
040702022507202104
040702022509202104
040702023301202104
040702023307202104
040702024101202104
040702024107202104
040702025001202104
040702025007202104
040702026801202104
040702026807202104
040702026809202104
040702027601202104
040702027607202104
040702027609202104
040702028401202104
040702028407202104
040702028409202104
040702029201202104
040702029207202104
040702030601202104
040702030607202104
040702032201202104
040702032207202104
040702032209202104
040702033001202104
040702034901202104
040702035701202104
040702036501202104
040702036507202104
040702038101202104
040702038107202104
040702040301202104
040702040307202104
040702041101202104
040702041107202104
040702042001202104
040702042007202104
040702043801202104
040702043807202104
040702044601202104
040702044607202104
040702045401202104
040702045407202104
040702045409202104
040702046201202104
040702046207202104
040702047001202104
040702047007202104
040702047009202104
040703001801202104
040703001807202104
040703002601202104
040703002607202104
040703003401202104
040703003407202104
040703003409202104
040703004201202104
040703004207202104
040703005001202104
040703005007202104
040703006901202104
040703006907202104
040703007701202104
040703007707202104
040703007709202104
040703012301202104
040703012307202104
040703013101202104
040703013107202104
040703014001202104
040703014007202104
040703015801202104
040703015807202104
040703016601202104
040703016607202104
040703017401202104
040703017407202104
040703018201202104
040703018207202104
040703019001202104
040703019007202104
040703020401202104
040703021201202104
040703022001202104
040703024701202104
040703025501202104
040703025507202104
040704001301202104
040704001307202104
040704002101202104
040704002107202104
040704003001202104
040704003007202104
040704004801202104
040704004807202104
040704005601202104
040704005607202104
040704006401202104
040704006407202104
040704006409202104
040704007201202104
040704007207202104
040704007209202104
040704008001202104
040704008007202104
040704008009202104
040704009901202104
040704009907202104
040704009909202104
040704010201202104
040704010207202104
040704010209202104
040704011001202104
040704011007202104
040704011009202104
040704012901202104
040704012907202104
040704012909202104
040704013701202104
040704013707202104
040704013709202104
040704014501202104
040704014507202104
040704014509202104
040704015301202104
040704015307202104
040704015309202104
040704016101202104
040704016107202104
040704017001202104
040704017007202104
040704017009202104
040704018801202104
040704018807202104
040704020001202104
040704020007202104
040704022601202104
040704022607202104
040704022609202104
040704023401202104
040704023407202104
040704024201202104
040704024207202104
040704025001202104
040704025007202104
040704026901202104
040704026907202104
040801001001202104
040801001007202104
040801002901202104
040801002907202104
040801003701202104
040801003707202104
040801004501202104
040801005301202104
040801006101202104
040801007001202104
040801007007202104
040801008801202104
040801008807202104
040801009601202104
040801009607202104
040801009609202104
040801010001202104
040801010007202104
040801010009202104
040801011801202104
040801011807202104
040801011809202104
040801013401202104
040801013407202104
040801013409202104
040801014201202104
040801014207202104
040801014209202104
040801015001202104
040801015007202104
040801015009202104
040801016901202104
040801016907202104
040801017701202104
040801017707202104
040801018501202104
040801018507202104
040801018509202104
040801019301202104
040801019307202104
040801020701202104
040801020707202104
040801020709202104
040801021501202104
040801021509202104
040801022301202104
040801022307202104
040801022309202104
040801023101202104
040801023109202104
040802001601202104
040802001607202104
040802002401202104
040802002407202104
040802003201202104
040802003207202104
040802004001202104
040802005901202104
040802006701202104
040802007501202104
040802008301202104
040802009101202104
040802010501202104
040802010507202104
040802010509202104
040802011301202104
040802011307202104
040802012101202104
040802012107202104
040802012109202104
040802013001202104
040802013007202104
040802014801202104
040802014807202104
040802014809202104
040802015601202104
040802015607202104
040802016401202104
040802016407202104
040802016409202104
040802017201202104
040802017207202104
040802017209202104
040802018001202104
040802018007202104
040802018009202104
040802019901202104
040802019907202104
040802019909202104
040802020201202104
040802020207202104
040802020209202104
040802021001202104
040802021007202104
040802022901202104
040802022907202104
040802022909202104
040802024501202104
040802024507202104
040802024509202104
040802025301202104
040802025307202104
040802026101202104
040802026107202104
040802027001202104
040802027007202104
040802028801202104
040802028807202104
040802029601202104
040802029607202104
040802029609202104
040802030001202104
040802030007202104
040802030009202104
040802031801202104
040802031807202104
040802031809202104
040802032601202104
040802032607202104
040802032609202104
040802033401202104
040802033407202104
040802034201202104
040802034207202104
040802034209202104
040802035001202104
040802035007202104
040802036901202104
040802036907202104
040802037701202104
040802037707202104
040802037709202104
040802038501202104
040802038507202104
040802039301202104
040802039307202104
040802040701202104
040802040707202104
040802041501202104
040802041507202104
040802042301202104
040802042307202104
040802043101202104
040802043107202104
040802044001202104
040802044007202104
040802044009202104
040802045801202104
040802045807202104
040802046601202104
040802046607202104
040802047401202104
040802047407202104
040802047409202104
040802048201202104
040802048207202104
040802048209202104
040802049001202104
040802049007202104
040802049009202104
040802050401202104
040802050407202104
040802050409202104
040802051201202104
040802051207202104
040802051209202104
040802052001202104
040802052007202104
040802052009202104
040802053901202104
040802053907202104
040802053909202104
040802054701202104
040802054707202104
040802055501202104
040802055507202104
040802055509202104
040802056301202104
040802056307202104
040802057101202104
040802057107202104
040802058001202104
040802058007202104
040802059801202104
040802059807202104
040802059809202104
040802060101202104
040802060107202104
040802060109202104
040802061001202104
040802061007202104
040802061009202104
040802062801202104
040802062807202104
040802062809202104
040802063601202104
040802063607202104
040802063609202104
040802064401202104
040802064407202104
040802064409202104
040803001101202104
040803001107202104
040803002001202104
040803002007202104
040803003801202104
040803003807202104
040803004601202104
040803005401202104
040803005407202104
040803006201202104
040803006207202104
040803007001202104
040803007007202104
040803008901202104
040803008907202104
040803009701202104
040803009707202104
040803010001202104
040803010007202104
040803011901202104
040803011907202104
040803012701202104
040803012707202104
040803013501202104
040803014301202104
040803015101202104
040803016001202104
040803017801202104
040803017807202104
040803018601202104
040803019401202104
040803020801202104
040803021601202104
040803022401202104
040803023201202104
040803023207202104
040803024001202104
040803024007202104
040803025901202104
040803025907202104
040803026701202104
040803026707202104
040803027501202104
040803027507202104
040803028301202104
040803028307202104
040803029101202104
040803029107202104
040803030501202104
040803030507202104
040803031301202104
040803031307202104
040803032101202104
040803032107202104
040803033001202104
040803033007202104
040803034801202104
040803034807202104
040803035601202104
040803036401202104
040803036407202104
040803037201202104
040803037207202104
040803038001202104
040803038007202104
040803039901202104
040803039907202104
040803040201202104
040803040207202104
040803041001202104
040803041007202104
040803042901202104
040803042907202104
040803043701202104
040803043707202104
040803044501202104
040803044507202104
040803045301202104
040803045307202104
040803046101202104
040803046107202104
040803047001202104
040803047007202104
040803050001202104
040803050007202104
040803051801202104
040803051807202104
040803052601202104
040803052607202104
040803053401202104
040803053407202104
040803054201202104
040803054207202104
040803055001202104
040803055007202104
040803056901202104
040803056907202104
040803057701202104
040803057707202104
040803058501202104
040803058507202104
040803059301202104
040803059307202104
040803060701202104
040803060707202104
040803061501202104
040803061507202104
040803062301202104
040803062307202104
040803063101202104
040803063107202104
040803064001202104
040803064007202104
040803065801202104
040803065807202104
040803066601202104
040803066607202104
040803067401202104
040803067407202104
040803068201202104
040803068207202104
040803069001202104
040803069007202104
040803070401202104
040803071201202104
040803071207202104
040803072001202104
040803072007202104
040803073901202104
040803073907202104
040803074701202104
040803074707202104
040803075501202104
040803075507202104
040803075509202104
040803076301202104
040803076307202104
040803077101202104
040803077107202104
040803078001202104
040803079801202104
040803080101202104
040803080107202104
040803081001202104
040803081007202104
040803082801202104
040803082807202104
040803083601202104
040803083607202104
040803084401202104
040803084407202104
040803085201202104
040803085207202104
040803086001202104
040803086007202104
040803087901202104
040803087907202104
040803088701202104
040803088707202104
040803089501202104
040803089507202104
040803090901202104
040803090907202104
040803091701202104
040803091707202104
040804001701202104
040804001707202104
040804002501202104
040804002507202104
040804003301202104
040804003307202104
040804004101202104
040804004107202104
040804005001202104
040804006801202104
040804007601202104
040804008401202104
040804009201202104
040804010601202104
040804010607202104
040804011401202104
040804011407202104
040804012201202104
040804012207202104
040804013001202104
040804013007202104
040804014901202104
040804014907202104
040804015701202104
040804015707202104
040804016501202104
040804016507202104
040804017301202104
040804017307202104
040804018101202104
040804018107202104
040804018109202104
040804019001202104
040804019007202104
040804019009202104
040804020301202104
040804020307202104
040804022001202104
040804022007202104
040804023801202104
040804023807202104
040804024601202104
040804024607202104
040804025401202104
040804025407202104
040804026201202104
040804026207202104
040804027001202104
040804027007202104
040804028901202104
040804028907202104
040804029701202104
040804029707202104
040804030001202104
040804030007202104
040804031901202104
040804031907202104
040804032701202104
040804032707202104
040804033501202104
040804033507202104
040804034301202104
040804034307202104
040805001201202104
040805001207202104
040805002001202104
040805002007202104
040805003901202104
040805003907202104
040805004701202104
040805004707202104
040805005501202104
040805006301202104
040805007101202104
040805008001202104
040805008007202104
040805010101202104
040805010107202104
040805011001202104
040805011007202104
040805012801202104
040805012807202104
040805013601202104
040805013607202104
040805014401202104
040805014407202104
040805014409202104
040805015201202104
040805015207202104
040805016001202104
040805016007202104
040805016009202104
040805017901202104
040805017907202104
040805019501202104
040805019507202104
040805019509202104
040805020901202104
040805020907202104
040805020909202104
040805021701202104
040805021707202104
040805021709202104
040805022501202104
040805022507202104
040805022509202104
040805023301202104
040805023307202104
040805024101202104
040805024107202104
040805024109202104
040805025001202104
040805025007202104
040805025009202104
040805026801202104
040805026807202104
040805026809202104
040805027601202104
040805027607202104
040805027609202104
040805028401202104
040805028407202104
040805028409202104
040805029201202104
040805029207202104
040805029209202104
040805030601202104
040805030607202104
040805031401202104
040805031407202104
040805032201202104
040805032207202104
040805032209202104
040805033001202104
040805033007202104
040805034901202104
040805034907202104
040805034909202104
040805035701202104
040805035707202104
040805035709202104
040805036501202104
040805036507202104
040805037301202104
040805037307202104
040805037309202104
040805038101202104
040805038107202104
040805039001202104
040805039007202104
040805039009202104
040805040301202104
040805041101202104
040805041107202104
040805042001202104
040805042007202104
040805043801202104
040805043807202104
040805044601202104
040805044607202104
040805044609202104
040805045401202104
040805045407202104
040805046201202104
040805046207202104
040805047001202104
040805047007202104
040805048901202104
040805048907202104
040805049701202104
040805049707202104
040805050001202104
040805050007202104
040805051901202104
040805051907202104
040805052701202104
040805052707202104
040805053501202104
040805053507202104
040805054301202104
040805054307202104
040805055101202104
040805055107202104
040805056001202104
040805056007202104
040805057801202104
040805057807202104
040805058601202104
040805058607202104
040805059401202104
040805059407202104
040805060801202104
040805060807202104
040805061601202104
040805061607202104
040805062401202104
040805062407202104
040805063201202104
040805063207202104
040805064001202104
040805064007202104
040805064009202104
040805065901202104
040805065907202104
040805065909202104
040805066701202104
040805066709202104
040805067501202104
040805067507202104
040805068301202104
040805068307202104
040805069101202104
040805069107202104
040805069109202104
040805070501202104
040805070507202104
040805071301202104
040805071307202104
040805072101202104
040805072107202104
040805073001202104
040805073007202104
040805073009202104
040805074801202104
040805074807202104
040805074809202104
040805075601202104
040805075607202104
040805075609202104
040805076401202104
040805076407202104
040805076409202104
040805077201202104
040805077207202104
040805078001202104
040805078007202104
040805079901202104
040805079907202104
040805080201202104
040805080207202104
040805081001202104
040805081007202104
040805082901202104
040805082907202104
040805082909202104
040805083701202104
040805083707202104
040805084501202104
040805084507202104
040805085301202104
040805085307202104
040805086101202104
040805086107202104
040805087001202104
040805087007202104
040805088801202104
040805088807202104
040805088809202104
040805089601202104
040805089607202104
040805089609202104
040805090001202104
040805091801202104
040805091807202104
040805091809202104
040805092601202104
040805092607202104
040805092609202104
040806001801202104
040806001807202104
040806001809202104
040806002601202104
040806002607202104
040806003401202104
040806003407202104
040806004201202104
040806004207202104
040806004209202104
040806005001202104
040806005007202104
040806005009202104
040806006901202104
040806006907202104
040806007701202104
040806007707202104
040806008501202104
040806008507202104
040806008509202104
040806009301202104
040806009307202104
040806010701202104
040806010707202104
040806011501202104
040806011507202104
040806011509202104
040806012301202104
040806012307202104
040806012309202104
040806013101202104
040806013107202104
040806013109202104
040806014001202104
040806014007202104
040806014009202104
040806015801202104
040806015807202104
040806015809202104
040806016601202104
040806016607202104
040806017401202104
040806017407202104
040806018201202104
040806018207202104
040806019001202104
040806019007202104
040806020401202104
040806020407202104
040806020409202104
040806021201202104
040806021207202104
040806021209202104
040806023901202104
040806023907202104
040806024701202104
040806024707202104
040806025501202104
040806025507202104
040806026301202104
040806026307202104
040806027101202104
040806027107202104
040806028001202104
040806028007202104
040806029801202104
040806029807202104
040806029809202104
040806030101202104
040806030107202104
040806030109202104
040806031001202104
040806031007202104
040806031009202104
040806032801202104
040806032807202104
040806032809202104
040806033601202104
040806033607202104
040806033609202104
040806034401202104
040806034407202104
040806034409202104
040806035201202104
040806035207202104
040806035209202104
040806036001202104
040806036007202104
040806036009202104
040806037901202104
040806037907202104
040806037909202104
040806038701202104
040806038707202104
040806039501202104
040806039507202104
040806039509202104
040806040901202104
040806040907202104
040806040909202104
040806041701202104
040806041707202104
040806041709202104
040806042501202104
040806042507202104
040806042509202104
040806043301202104
040806043307202104
040806043309202104
040806044101202104
040806044107202104
040806044109202104
040806045001202104
040806045007202104
040806045009202104
040806046801202104
040806046807202104
040806046809202104
040806047601202104
040806047607202104
040806047609202104
040806048401202104
040806048407202104
040806048409202104
040806049201202104
040806049207202104
040806050601202104
040806050607202104
040806051401202104
040806051407202104
040806052201202104
040806052207202104
040806053001202104
040806053007202104
040806053009202104
040806054901202104
040806054907202104
040806054909202104
040806055701202104
040806055707202104
040806056501202104
040806056507202104
040806056509202104
040806057301202104
040806057307202104
040806057309202104
040806058101202104
040806058107202104
040806058109202104
040806059001202104
040806059007202104
040806060301202104
040806060307202104
040806060309202104
040806061101202104
040806062001202104
040806062007202104
040806063801202104
040806063807202104
040806063809202104
040806064601202104
040806064607202104
040806066201202104
040806066207202104
040806067001202104
040806067007202104
040806067009202104
040806069701202104
040806069707202104
040806070001202104
040806070007202104
040806070009202104
040901001401202104
040901001407202104
040901002201202104
040901002207202104
040901003001202104
040901003007202104
040901004901202104
040901004907202104
040901005701202104
040901005707202104
040901006501202104
040901006507202104
040901006509202104
040901007301202104
040901007307202104
040901008101202104
040901008107202104
040901009001202104
040901009007202104
040901009009202104
040901012001202104
040901012007202104
040901012009202104
040901013801202104
040901013807202104
040901014601202104
040901014607202104
040901014609202104
040901017001202104
040901017007202104
040901017009202104
040901018901202104
040901018907202104
040901019701202104
040901019707202104
040901020001202104
040901020007202104
040901021901202104
040901022701202104
040901022707202104
040901023501202104
040901023507202104
040901024301202104
040901024307202104
040901025101202104
040901025107202104
040901026001202104
040901026007202104
040901028601202104
040901028607202104
040901029401202104
040901029407202104
040901030801202104
040901030807202104
040901031601202104
040901031607202104
040901032401202104
040901032407202104
040901033201202104
040901033207202104
040901034001202104
040901034007202104
040901036701202104
040901036707202104
040901037501202104
040901037507202104
040901037509202104
040901038301202104
040901038307202104
040901038309202104
040901039101202104
040901039107202104
040901039109202104
040901040501202104
040901040507202104
040901041301202104
040901041307202104
040901043001202104
040901043007202104
040901043009202104
040901045601202104
040901045607202104
040901046401202104
040901046407202104
040901047201202104
040901047207202104
040901048001202104
040901048007202104
040901048009202104
040901049901202104
040901050201202104
040901050207202104
040901051001202104
040901051007202104
040901051009202104
040901052901202104
040901052907202104
040901053701202104
040901053707202104
040901054501202104
040901054507202104
040901055301202104
040901055307202104
040901056101202104
040901056107202104
040901057001202104
040901057007202104
040901058801202104
040901058807202104
040901059601202104
040901059607202104
040901059609202104
040902001001202104
040902001007202104
040902001009202104
040902002801202104
040902002807202104
040902002809202104
040902004401202104
040902004407202104
040902004409202104
040902005201202104
040902005207202104
040902007901202104
040902007907202104
040902007909202104
040902008701202104
040902008707202104
040902008709202104
040902009501202104
040902009507202104
040902009509202104
040902010901202104
040902010907202104
040902010909202104
040902012501202104
040902012507202104
040902012509202104
040902013301202104
040902013307202104
040902013309202104
040902014101202104
040902014107202104
040902014109202104
040902015001202104
040902015007202104
040902015009202104
040902016801202104
040902016807202104
040902016809202104
040902017601202104
040902017607202104
040902017609202104
040903001501202104
040903001509202104
040903002301202104
040903003101202104
040903004001202104
040904001001202104
040904001007202104
040904001009202104
040904003701202104
040904003707202104
040904003709202104
040904004501202104
040904004507202104
040904005301202104
040904005307202104
040904005309202104
040904007001202104
040904007007202104
040904007009202104
040904008801202104
040904008807202104
040904008809202104
040904009601202104
040904009607202104
040904009609202104
040904011801202104
040904011807202104
040904011809202104
040904012601202104
040904012607202104
040904012609202104
040904013401202104
040904013407202104
040904013409202104
040904014201202104
040904014209202104
040904015001202104
040904015007202104
040904015009202104
040904016901202104
040904016907202104
040904016909202104
040904017701202104
040904017707202104
040904017709202104
040904018501202104
040904018507202104
040904018509202104
040904019301202104
040904019307202104
040904019309202104
040904020701202104
040904020707202104
040904020709202104
040904021501202104
040904021507202104
040904021509202104
040904022301202104
040904022309202104
040904023101202104
040904023107202104
040904023109202104
040904024001202104
040904024009202104
040905001601202104
040905001607202104
040905002401202104
040905002407202104
040905002409202104
040905003201202104
040905003209202104
040905004001202104
040905004007202104
040905004009202104
040905007501202104
040905007507202104
040905007509202104
040905008301202104
040905008307202104
040905008309202104
040905009101202104
040905009107202104
040905009109202104
040905010501202104
040905010507202104
040905010509202104
040905011301202104
040905011307202104
040905011309202104
040905013001202104
040905014801202104
040906001101202104
040906001102202104
040906001107202104
040906001109202104
040906002001202104
040906003801202104
040906003809202104
040906004601202104
040906004607202104
040906004609202104
040906005401202104
040906005402202104
040906005409202104
040906007001202104
040906007002202104
040906007009202104
040906010001202104
040906010007202104
040906011901202104
040906011907202104
040906012701202104
040906012707202104
040906013501202104
040906013507202104
040906014301202104
040906014307202104
040906015101202104
040906015107202104
040906016001202104
040906016007202104
040906017801202104
040906017807202104
040906017809202104
040906018601202104
040906018609202104
040906019401202104
040906019407202104
040906019409202104
040906020801202104
040906020807202104
040906020809202104
040906021601202104
040906021607202104
040906021609202104
040906022401202104
040906022407202104
040906022409202104
040906023201202104
040906023202202104
040906023207202104
040906023209202104
040906024001202104
040906024002202104
040906024007202104
040906024009202104
040906025901202104
040906025902202104
040906025907202104
040906025909202104
040906026701202104
040906026702202104
040906026707202104
040906026709202104
040906027501202104
040906027507202104
040906027509202104
040906028301202104
040906028307202104
040906029101202104
040907001701202104
040907001709202104
040907002501202104
040907002509202104
040907003301202104
040907003309202104
040907004101202104
040907004109202104
040907005001202104
040907006801202104
040907006809202104
040907007601202104
040907007609202104
040907008401202104
040907008409202104
040907009201202104
040907009207202104
040907009209202104
040907010601202104
040907010607202104
040907010609202104
040907011401202104
040907011407202104
040907013001202104
040907013007202104
040907013009202104
040907014901202104
040907014907202104
040907014909202104
040907015701202104
040907015707202104
040907015709202104
040907019001202104
040907019009202104
040907020301202104
040907021101202104
040907021107202104
040907022001202104
040907022007202104
040907022009202104
040907023801202104
040907023807202104
040907024601202104
040907024607202104
040907025401202104
040907025407202104
040907026201202104
040907026207202104
040907026209202104
040907027001202104
040907027009202104
040907028901202104
040907028907202104
040907028909202104
040907029701202104
040907030001202104
040907030009202104
040907031901202104
041001001401202104
041001001407202104
041001001409202104
041001005701202104
041001006501202104
041001006507202104
041001006509202104
041001007301202104
041001007307202104
041001007309202104
041001008101202104
041001008107202104
041001008109202104
041001009001202104
041001009009202104
041001011101202104
041001011107202104
041001011109202104
041001012001202104
041001012007202104
041001013801202104
041001014601202104
041001015401202104
041001016201202104
041001019701202104
041001020001202104
041101001801202104
041101001802202104
041101001809202104
041101002601202104
041101002602202104
041101003401202104
041101003402202104
041101004201202104
041101004202202104
041101005001202104
041101005002202104
041101005009202104
041101007701202104
041101007702202104
041101007709202104
041101008501202104
041101008502202104
041102001301202104
041102001302202104
041102001309202104
041102002101202104
041102002102202104
041102002109202104
041102003001202104
041102003002202104
041102004801202104
041102004802202104
041201001101202104
041201001107202104
041201002001202104
041201002007202104
041201003801202104
041201003807202104
041201003809202104
041201004601202104
041201004607202104
041201004609202104
041201007001202104
041201007007202104
041201008901202104
041201008907202104
041201009701202104
041201009707202104
041201010001202104
041201010007202104
041201011901202104
041201011907202104
041201013501202104
041201013507202104
041201014301202104
041201014307202104
041202001701202104
041202001707202104
041202002501202104
041202002507202104
041202003301202104
041202003307202104
041202005001202104
041202005007202104
041202006801202104
041202006807202104
041202007601202104
041202007607202104
041202008401202104
041202008407202104
041203001201202104
041203001207202104
041203004701202104
041203004707202104
041203008001202104
041203008007202104
041203009801202104
041203009807202104
041203009809202104
041203010101202104
041203010107202104
041203011001202104
041203011007202104
041204001801202104
041204001807202104
041204001809202104
041204002601202104
041204002607202104
041204003401202104
041204003407202104
041204004201202104
041204004207202104
041204005001202104
041204005007202104
041204006901202104
041204006907202104
041204008501202104
041204008507202104
041204008509202104
041204010701202104
041204010707202104
041204011501202104
041204011507202104
041204012301202104
041204012307202104
041204013101202104
041204013107202104
041204015801202104
041204015807202104
041204016601202104
041204016607202104
041204017401202104
041204017407202104
041204018201202104
041204018207202104
041204019001202104
041204019007202104
041204020401202104
041204020407202104
041204021201202104
041204021207202104
041204022001202104
041204022007202104
041204022009202104
041205001301202104
041205001307202104
041205003001202104
041205003007202104
041205004801202104
041205004807202104
041205006401202104
041205006407202104
041205007201202104
041205007207202104
041205008001202104
041205008007202104
041205010201202104
041205010207202104
041205011001202104
041205011007202104
041205013701202104
041205013707202104
041205014501202104
041205014507202104
041205015301202104
041205015307202104
041205016101202104
041205016107202104
041301001501202104
041301001507202104
041301006601202104
041301008201202104
041301008207202104
041301009001202104
041301009007202104
041303001601202104
041303001607202104
041303001609202104
041303002401202104
041303002407202104
041303002409202104
041303003201202104
041303003209202104
041303005901202104
041303005907202104
041303005909202104
041303006701202104
041303006709202104
041303007501202104
041303007509202104
041303008301202104
041303008307202104
041303008309202104
041304002001202104
041304002007202104
041304003801202104
041304004601202104
041304005401202104
041304005409202104
041304006201202104
041304006209202104
041304007001202104
041304007009202104
041304008901202104
041304008909202104
041304009701202104
041304009707202104
041304010001202104
041304010007202104
041304011901202104
041304011907202104
041304011909202104
041304012701202104
041304012707202104
041304012709202104
041304013501202104
041304013507202104
041304013509202104
041304014301202104
041304014307202104
041304014309202104
041304015101202104
041304015107202104
041304015109202104
041304016001202104
041304016007202104
041304017801202104
041304017807202104
041304018601202104
041304018607202104
041304018609202104
041304019401202104
041304019407202104
041304019409202104
041304020801202104
041304020807202104
041304020809202104
041304021601202104
041304021607202104
041304021609202104
041304022401202104
041304022407202104
041304022409202104
041304023201202104
041304023207202104
041304023209202104
041304024001202104
041304024007202104
041304025901202104
041304025909202104
041304026701202104
041401002701202104
041401003501202104
041401025601202104
041401025607202104
041401025609202104
041401027201202104
041401027207202104
041401027209202104
041401032901202104
041401032907202104
041401032909202104
041401034501202104
041401034507202104
041401034509202104
041402002201202104
041402002203202104
041402002207202104
041402002209202104
041402003001202104
041402003003202104
041402003007202104
041402003009202104
041402004901202104
041402004903202104
041402004907202104
041402004909202104
041402005701202104
041402005703202104
041402005707202104
041402005709202104
041402006501202104
041402006503202104
041402006507202104
041402006509202104
041402007301202104
041402007303202104
041402007307202104
041402007309202104
041402008101202104
041402008103202104
041402008107202104
041402008109202104
041402009001202104
041402009003202104
041402009007202104
041402009009202104
041402014601202104
041402014603202104
041402014607202104
041402014609202104
041402015401202104
041402015403202104
041402015407202104
041402015409202104
041402016201202104
041402016203202104
041402016207202104
041402016209202104
041402020001202104
041402020003202104
041402020007202104
041402020009202104
041402021901202104
041402021903202104
041402021907202104
041402021909202104
041402024301202104
041402024303202104
041402024307202104
041402024309202104
041402027801202104
041402027803202104
041402027807202104
041402027809202104
041402029401202104
041402029403202104
041402029407202104
041402029409202104
041402036701202104
041402036703202104
041402036707202104
041402036709202104
041402037501202104
041402037503202104
041402037507202104
041402037509202104
041402041301202104
041402041303202104
041402041307202104
041402041309202104
041501001201202104
041501001207202104
041502001801202104
041502003401202104
041502003407202104
041502004201202104
041502004207202104
041502005001202104
041502005007202104
041502006901202104
041502006907202104
041502007701202104
041502007707202104
041503001301202104
041503001307202104
041504002701202104
041504002707202104
041504003501202104
041504003507202104
041601001601202104
041601001607202104
041601002401202104
041601002407202104
041601003201202104
041601003207202104
041601004001202104
041601004007202104
041601007501202104
041601007507202104
041601009101202104
041601009107202104
041601011301202104
041601011307202104
041601011309202104
041601012101202104
041601013001202104
041601016401202104
041601016407202104
041601017201202104
041601017207202104
041601017209202104
041601018001202104
041601018007202104
041601019901202104
041601019907202104
041601020201202104
041601020207202104
041601021001202104
041601021007202104
041601022901202104
041601022907202104
041602002001202104
041602002007202104
041602015101202104
041602015107202104
041602016001202104
041602016007202104
041602017801202104
041602017807202104
041602017809202104
041602018601202104
041602018607202104
041602018609202104
041602019401202104
041602019407202104
041602020801202104
041602020807202104
041602021601202104
041602021607202104
041602021609202104
041602022401202104
041602022407202104
041602023201202104
041602023207202104
041602024001202104
041602024007202104
041602024009202104
041602025901202104
041602025907202104
041603001701202104
041603001707202104
041603001709202104
041603002501202104
041603002507202104
041603002509202104
041603003301202104
041603003307202104
041603003309202104
041603004101202104
041603004107202104
041603004109202104
041603006801202104
041603006807202104
041603007601202104
041603008401202104
041603008407202104
041603009201202104
041603009207202104
041603014901202104
041603014907202104
041603014909202104
041603015701202104
041603015707202104
041603015709202104
041603016501202104
041603016507202104
041603017301202104
041603017307202104
041603018101202104
041603018107202104
041603019001202104
041603020301202104
041603020307202104
041603021101202104
041603021107202104
041603022001202104
041603022007202104
041603023801202104
041603023807202104
041603024601202104
041603024607202104
041603025401202104
041603026201202104
041603027001202104
041603027007202104
041603028901202104
041603029701202104
041603030001202104
041603030007202104
041603031901202104
041603031907202104
041603032701202104
041603032707202104
041603032709202104
041603033501202104
041603033507202104
041603033509202104
041603034301202104
041603034307202104
041603035101202104
041603035107202104
041603035109202104
041603036001202104
041603036007202104
041604001201202104
041604001207202104
041604002001202104
041604002007202104
041604003901202104
041604003907202104
041604004701202104
041604004707202104
041604005501202104
041604005507202104
041604007101202104
041604007107202104
041604010101202104
041604010107202104
041604011001202104
041604011007202104
041604012801202104
041604012807202104
041604014401202104
041604014407202104
041604017901202104
041604017909202104
041604018701202104
041604018709202104
041604019501202104
041604019509202104
041604020901202104
041604020907202104
041604021701202104
041604021707202104
041604022501202104
041604022507202104
041604023301202104
041604023307202104
041604024101202104
041604024107202104
041604025001202104
041604025007202104
041604026801202104
041604026807202104
041604027601202104
041604027607202104
041604028401202104
041605001801202104
041605001807202104
041605002601202104
041605002607202104
041605003401202104
041605003407202104
041605005001202104
041605005007202104
041605007701202104
041605007707202104
041605009301202104
041605009307202104
041605010701202104
041605010707202104
041605011501202104
041605011507202104
041606001301202104
041606001307202104
041606001309202104
041606002101202104
041606002107202104
041606003001202104
041606003007202104
041606005601202104
041606005607202104
041606006401202104
041606006407202104
041606008001202104
041606008007202104
041606009901202104
041606009907202104
041606010201202104
041606010207202104
041606011001202104
041606011007202104
041606012901202104
041606012907202104
041608001401202104
041608001407202104
041608001409202104
041608003001202104
041608003007202104
041608003009202104
041608008101202104
041608008107202104
041608009001202104
041608009007202104
041608011101202104
041608011107202104
041608012001202104
041608012007202104
041608012009202104
041609001001202104
041609001007202104
041609002801202104
041609002807202104
041609003601202104
041609003607202104
041609007901202104
041609007907202104
041609010901202104
041609010907202104
041609011701202104
041609011707202104
041609012501202104
041609012507202104
041609013301202104
041609013307202104
041611001001202104
041611001007202104
041611002901202104
041611002907202104
041611003701202104
041611003707202104
041611004501202104
041611004507202104
041611005301202104
041611005307202104
041611006101202104
041611006107202104
041611007001202104
041611007007202104
041611008801202104
041611008807202104
041612002401202104
041612003201202104
041612004001202104
041612004009202104
041612005901202104
041612005909202104
050103006901202104
050103006903202104
050103006907202104
050201001074202104
050201001075202104
050201001076202104
050201001077202104
050201001078202104
050201001079202104
050201002977202104
050201002978202104
050201002979202104
050201002980202104
050201002981202104
050201002982202104
050301001401202104
050301001403202104
050301001474202104
050301001475202104
050301001476202104
050301001477202104
050301001478202104
050301001479202104
050301001480202104
050301001481202104
050301001482202104
050301002201202104
050301002274202104
050301002275202104
050301002276202104
050301002277202104
050301002278202104
050301002279202104
050301002280202104
050301002281202104
050301002282202104
050302001001202104
050302002801202104
050303001574202104
050303001575202104
050303001576202104
050303001577202104
050303001578202104
050303001579202104
050303001580202104
050303001581202104
050303001582202104
050303002301202104
050303002374202104
050303002375202104
050303002376202104
050303002377202104
050303002378202104
050303002379202104
050303002380202104
050303002381202104
050303002382202104
050303003101202104
050303003174202104
050303003175202104
050303003176202104
050303003177202104
050303003178202104
050303003179202104
050303003180202104
050303003181202104
050303003182202104
050303004001202104
050303004074202104
050303004075202104
050303004076202104
050303004077202104
050303004078202104
050303004080202104
050303004081202104
050303004082202104
050303005801202104
050303005874202104
050303005875202104
050303005876202104
050303005877202104
050303005878202104
050303005879202104
050303005880202104
050303005881202104
050303005882202104
050303006601202104
050303006674202104
050303006675202104
050303006676202104
050303006677202104
050303006678202104
050303006679202104
050303006680202104
050303006681202104
050303006682202104
050303007401202104
050303007474202104
050303007475202104
050303007476202104
050303007477202104
050303007478202104
050303007479202104
050303007480202104
050303007481202104
050303007482202104
050303008201202104
050303008274202104
050303008275202104
050303008276202104
050303008277202104
050303008278202104
050303008279202104
050303008280202104
050303008281202104
050303008282202104
050303009001202104
050303009074202104
050303009075202104
050303009076202104
050303009077202104
050303009078202104
050303009079202104
050303009080202104
050303009081202104
050303009082202104
050303010401202104
050303010474202104
050303010475202104
050303010476202104
050303010477202104
050303010478202104
050303010479202104
050303010480202104
050303010481202104
050303010482202104
050304004574202104
050304004575202104
050304004576202104
050304004577202104
050304004578202104
050304004579202104
050304004580202104
050304004581202104
050304004582202104
050501001103202104
050501001107202104
050501002003202104
050501002007202104
050501003803202104
050501003807202104
050501004603202104
050501004607202104
050501005403202104
050501005407202104
050501006203202104
050501006207202104
050501007003202104
050501007007202104
050501008903202104
050501008907202104
050501009701202104
050501009707202104
050501009709202104
050501010001202104
050501010007202104
050501010009202104
050501011901202104
050501011907202104
050501011909202104
050501012701202104
050501012707202104
050501012709202104
050502004101202104
050502004107202104
050502005001202104
050502005007202104
050502006801202104
050502007601202104
050502008401202104
050502009201202104
050502010601202104
050502011401202104
050502011407202104
050502012201202104
050602001012202104
050602002912202104
050602003712202104
050602004503202104
050602004507202104
050602004509202104
050602004512202104
050602005301202104
050602005303202104
050602005307202104
050602006101202104
050602006103202104
050602006107202104
050602007001202104
050602007003202104
050602007007202104
050602008801202104
050602008803202104
050602008807202104
050602009601202104
050602009603202104
050602009607202104
050602010001202104
050602010003202104
050602010007202104
050602011801202104
050602011803202104
050602011807202104
070209005001202104
070209005007202104
070209006901202104
070209006907202104
080201006765202104
080201007579202104
080201008375202104
080201009176202104
080201010574202104
080201011383202104
080201012181202104
080201013082202104
080201014877202104
080201015678202104
080201016480202104
080201021085202104
080201022986202104
080201023792202104
080201024593202104
080201025387202104
080201026187202104
080201027087202104
080201029651202104
080201030052202104
080201031896202104
