0102010056141002202104
0102010064141002202104
0102010072141002202104
0102010145141002202104
0102010153141002202104
0102010161141002202104
0102010170141002202104
0102010188141002202104
0102010196141002202104
0102010200141002202104
0102010218141002202104
0102010226108001202104
0102010226141002202104
0102010234108001202104
0102010234141002202104
0102010242141002202104
0102010250141002202104
0102010269141002202104
0102010277141002202104
0102010285141002202104
0102010293141002202104
0102010307141002202104
0102010315141002202104
0102010323141002202104
0102010331141002202104
0102010340141002202104
0102010358141002202104
0102010366141002202104
0102010374141002202104
0102010382141002202104
0102010390141002202104
0102010404141002202104
0102010412141002202104
0102010420141002202104
0102010439141002202104
0102010447141002202104
0102010455141002202104
0102010463141002202104
0102010471141002202104
0102010480141002202104
0102010498141002202104
0102010501141002202104
0102010510141002202104
0102010528141002202104
0102010536141002202104
0102010544141002202104
0102010552141002202104
0102010560141002202104
0102010579141002202104
0102010587141002202104
0102010595141002202104
0102010609141002202104
0102010617141002202104
0102010625141002202104
0102010633141002202104
0102010641141002202104
0102010650141002202104
0102010668141002202104
0102020019108003202104
0102020027108001202104
0102020027108003202104
0102020035108003202104
0201010151110001202104
0201010151120001202104
0201010186131001202104
0201010186132001202104
0201010186132005202104
0201010240131001202104
0201010240132001202104
0201010240132005202104
0201010534105005202104
0201010542121001202104
0201010542121002202104
0201010542121003202104
0201010542121004202104
0202010015145001202104
0202010023145001202104
0202010031145001202104
0202010040145001202104
0202010058145001202104
0202010066145001202104
0202010074145001202104
0202010082145001202104
0202010090145001202104
0202010104145001202104
0202010112145001202104
0202010120145001202104
0202010139145001202104
0202010147145001202104
0202010155145001202104
0202010163145001202104
0202010171145001202104
0202010180145001202104
0202010198145001202104
0202010201145001202104
0202010210145001202104
0202010228145001202104
0202010236145001202104
0202010244145001202104
0202010252145001202104
0202010260145001202104
0202010279145001202104
0202010287145001202104
0202010295145001202104
0202010309145001202104
0202010317145001202104
0202010325145001202104
0202010333145001202104
0202010341145001202104
0202010350145001202104
0202010368145001202104
0202010376145001202104
0202010384145001202104
0202010392145001202104
0202010406145001202104
0202010414145001202104
0202010422145001202104
0202010430145001202104
0202010449145001202104
0202010457145001202104
0202010465145001202104
0202010473145001202104
0202010481145001202104
0202010490145001202104
0202010503145001202104
0202010511145001202104
0202010520145001202104
0202010538145001202104
0202010546145001202104
0202010554145001202104
0202010562145001202104
0202010570145001202104
0202010589145001202104
0202010597145001202104
0202010600145001202104
0202010619145001202104
0202010627145001202104
0202010635145001202104
0202010643145001202104
0202010651145001202104
0202010660145001202104
0202010678145001202104
0202010686145001202104
0202010694145001202104
0202010708145001202104
0202010716145001202104
0202010724145001202104
0202010732145001202104
0202010740145001202104
0202010759145001202104
0202010767145001202104
0202010791145001202104
0202020010145002202104
0202020029145002202104
0202020037145002202104
0202020045145002202104
0202020053145002202104
0202020061145002202104
0202020070145002202104
0202020088145002202104
0202020096145002202104
0202020100145002202104
0202020118145002202104
0202020126145002202104
0202020134145002202104
0202020142145002202104
0202020150145002202104
0202020169145002202104
0202020177145002202104
0202020185145002202104
0202020193145002202104
0202020207145002202104
0202020215145002202104
0202020223145002202104
0202020231145002202104
0202020240145002202104
0202020258145002202104
0202020266145002202104
0202020274145002202104
0202020282145002202104
0202020290145002202104
0202020304145002202104
0202020312145002202104
0202020320145002202104
0202020339145002202104
0202020347145002202104
0202020355145002202104
0202020363145002202104
0202020371145002202104
0202020380145002202104
0202020398145002202104
0202020401145002202104
0202020410145002202104
0202020428145002202104
0202020436145002202104
0202020444145002202104
0202020460145002202104
0202020479128001202104
0202020487145002202104
0202020495145002202104
0202020517145002202104
0202020525145002202104
0202020533145002202104
0202020541145002202104
0202020550145002202104
0202020568145002202104
0202020576145002202104
0202030016145003202104
0202030024145003202104
0202030032145003202104
0202030040145003202104
0202030059145003202104
0202030067145003202104
0202030075145003202104
0202030083145003202104
0202030091145003202104
0202030105145003202104
0202030113145003202104
0202030121145003202104
0202030130145003202104
0202030148145003202104
0202030156145003202104
0202030164145003202104
0202030172145003202104
0202030180145003202104
0202030199145003202104
0202030202145003202104
0202030210145003202104
0202030229145003202104
0202030237132002202104
0202030237145003202104
0202030253145003202104
0202030261145003202104
0202030270145003202104
0202030288145003202104
0202030296145003202104
0202030300145003202104
0202030318145003202104
0202030326145003202104
0202030334145003202104
0202030342145003202104
0202030350145003202104
0202030369145003202104
0202030377145003202104
0202030385145003202104
0202030393145003202104
0202030407145003202104
0202030415145003202104
0202030423145003202104
0202030431145003202104
0202030440145003202104
0202030458145003202104
0202030466145003202104
0202030474145003202104
0202030482145003202104
0202030504145003202104
0202030512145003202104
0202030520145003202104
0202030539145003202104
0202030547145003202104
0202030555145003202104
0202030563145003202104
0202030571145003202104
0202030580145003202104
0202030598145003202104
0202030601145003202104
0202030610145003202104
0202030628145003202104
0202030636145003202104
0202030644145003202104
0202030652145003202104
0202030660145003202104
0202030679145003202104
0202030687145003202104
0202030695145003202104
0202030709145003202104
0202030717145003202104
0202030725145003202104
0202030733145003202104
0202030741145003202104
0202030750145003202104
0202030768145003202104
0202030776145003202104
0202030784145003202104
0202030792145003202104
0202030806145003202104
0202030814145003202104
0202030822145003202104
0202030830145003202104
0202030849145003202104
0202030857145003202104
0202030865145003202104
0202030873145003202104
0202030881145003202104
0202030890145003202104
0202030903145003202104
0202030911145003202104
0202030920145003202104
0202030938145003202104
0202030946145003202104
0202030954145003202104
0202030962145003202104
0202030970145003202104
0202030989145003202104
0202030997145003202104
0202031004145003202104
0202031012145003202104
0202031020145003202104
0202031039145003202104
0202031047145003202104
0202031055145003202104
0202031063145003202104
0202031071145003202104
0202031080145003202104
0202031098145003202104
0202031101145003202104
0202031110145003202104
0202031128145003202104
0202031136145003202104
0202031179145003202104
0202031187145003202104
0202031195145003202104
0202031209145003202104
0202031217145003202104
0202031225145003202104
0202031233145003202104
0202031233145011202104
0202031250145003202104
0202031250145011202104
0202031268145003202104
0202031268145011202104
0202031276145003202104
0202031284145003202104
0202031292145003202104
0202031306145003202104
0202040011145004202104
0202040020145004202104
0202040038145004202104
0202040046145004202104
0202040054145004202104
0202040062145004202104
0202040070145004202104
0202040089145004202104
0202040097145004202104
0202040100145004202104
0202040119145004202104
0202040127145004202104
0202040135145004202104
0202040143145004202104
0202040151145004202104
0202040160145004202104
0202040178145004202104
0202050017145005202104
0202050025145005202104
0202050033145005202104
0202050041145005202104
0202050050145005202104
0202050068145005202104
0202050076145005202104
0202050076145011202104
0202050084145005202104
0202050092145005202104
0202050106145005202104
0202050114145005202104
0202050122145005202104
0202050130145005202104
0202050149145005202104
0202050157145005202104
0202050165145005202104
0202050173145005202104
0202050181145005202104
0202050190145005202104
0202050203145005202104
0202050211145005202104
0202050220145005202104
0202050238145005202104
0202050246145005202104
0202050254145005202104
0202050262145005202104
0202050270145005202104
0202050289145005202104
0202050297145005202104
0202050300145005202104
0202050319145005202104
0202050327145005202104
0202060012145006202104
0202060012151002202104
0202060020145006202104
0202060020151002202104
0202060039145006202104
0202060039151002202104
0202060047145006202104
0202060047151002202104
0202060055145006202104
0202060055151002202104
0202060063145006202104
0202060063151002202104
0202060071145006202104
0202060071151002202104
0202060080145006202104
0202060080151002202104
0202060098145006202104
0202060098151002202104
0202060101145006202104
0202060101151002202104
0202060110145006202104
0202060110151002202104
0202060128145006202104
0202060128151002202104
0202060136145006202104
0202060136151002202104
0202060144145006202104
0202060144151002202104
0202060152145006202104
0202060152151002202104
0202060160145006202104
0202060160151002202104
0202060179145006202104
0202060179151002202104
0202060187145006202104
0202060187151002202104
0202060195145006202104
0202060195151002202104
0202060209145006202104
0202060209151002202104
0202060217145006202104
0202060217151002202104
0202060225145006202104
0202060225151002202104
0202060233145006202104
0202060233151002202104
0202060241145006202104
0202060241151002202104
0202060250145006202104
0202060250151002202104
0202060268145006202104
0202060268151002202104
0202060276145006202104
0202060276151002202104
0202060284145006202104
0202060284151002202104
0202060292145006202104
0202060292151002202104
0202060306145006202104
0202060306151002202104
0202060314145006202104
0202060314151002202104
0202060322145006202104
0202060322151002202104
0202060330145006202104
0202060330151002202104
0202060349145006202104
0202060349151002202104
0202060357145006202104
0202060357151002202104
0202060365145006202104
0202060365151002202104
0202060373145006202104
0202060373151002202104
0202060381145006202104
0202060381151002202104
0202060390145006202104
0202060390151002202104
0202060403145006202104
0202060403151002202104
0202060411145006202104
0202060411151002202104
0202060420145006202104
0202060420151002202104
0202060438145006202104
0202060438151002202104
0202060446145006202104
0202060446151002202104
0202060454145006202104
0202060454151002202104
0202060462145006202104
0202060462151002202104
0202060470145006202104
0202070018145008202104
0202070026145008202104
0202070034145008202104
0202070042145008202104
0202070050145008202104
0202070069145008202104
0202070077145008202104
0202070085145008202104
0202070093145008202104
0202070107145008202104
0202070115145008202104
0202070123145008202104
0202070131145008202104
0202070140145008202104
0202070158145008202104
0202070166145008202104
0202070174145008202104
0202070182145008202104
0202070190145008202104
0202070204145008202104
0202070212145008202104
0202070220145008202104
0202070239145008202104
0202070247145008202104
0202070255145008202104
0202070263145008202104
0202070271145008202104
0202070280145008202104
0202070298145008202104
0202070301145008202104
0202070310145008202104
0202070328145008202104
0202070336145008202104
0202070344145008202104
0202070352145008202104
0202080013145009202104
0202080021145009202104
0202080030145009202104
0202080048145009202104
0202080056145009202104
0202080064145009202104
0202080072145009202104
0202080080145009202104
0202080099145009202104
0202080102145009202104
0202080110145009202104
0202080129145009202104
0202080137145009202104
0202080145145009202104
0202080153145009202104
0202080161145009202104
0202080170145009202104
0202080188145009202104
0202080196145009202104
0202080200145009202104
0202080218145009202104
0202080226145009202104
0202080234145009202104
0202090019145010202104
0202090027145010202104
0202090035145010202104
0202090043145010202104
0202090051145010202104
0202090060145010202104
0202090078145010202104
0202090086145010202104
0202090094145010202104
0202090108145009202104
0202090116145010202104
0202090124145010202104
0202090132145010202104
0202090140145010202104
0202090159145010202104
0202090167145010202104
0202090183145010202104
0202090191145010202104
0202090213145010202104
0202090221145010202104
0202090221151002202104
0202090230145010202104
0202090248145010202104
0202090256145010202104
0202090264145010202104
0202090272145010202104
0202090280145010202104
0202090299145010202104
0202090302145010202104
0202090310145010202104
0202090329145010202104
0202090337145010202104
0202090345145010202104
0202090353145010202104
0202090361145010202104
0202100014145011202104
0202100022145011202104
0202100030145011202104
0202100049120001202104
0202100049145011202104
0202100057145011202104
0202100065145011202104
0202100073145011202104
0202100081145011202104
0202100090145011202104
0202100103145011202104
0202100111145011202104
0202100120145011202104
0202100138145011202104
0202100146145011202104
0202100154145011202104
0202100162145011202104
0202100170145011202104
0202100189145011202104
0202100197145011202104
0202100200145011202104
0202100219145011202104
0202100227145011202104
0202110010145012202104
0202110028145012202104
0202110036145012202104
0202110044145012202104
0202110052145012202104
0202110060145012202104
0202110079145012202104
0202110087145012202104
0202110095145012202104
0202110109145012202104
0202110117145012202104
0202110125145012202104
0202110133145012202104
0202110141145012202104
0202120015128002202104
0202120015145013202104
0202120023128002202104
0202120023145013202104
0202120031128002202104
0202120031145013202104
0202120040128002202104
0202120040145013202104
0202120058128002202104
0202120058145013202104
0202120066128002202104
0202120066145013202104
0202120074128002202104
0202120074145013202104
0202120082128002202104
0202120082145013202104
0202120090128002202104
0202120090145013202104
0202120104128002202104
0202120104145013202104
0203010019120002202104
0203010027120002202104
0203010035120002202104
0203010043120002202104
0203010078120003202104
0203010086120002202104
0203010086120003202104
0203020014120001202104
0203020014120002202104
0203020022120001202104
0203020030120001202104
0203020049120001202104
0203020057120001202104
0203020065120001202104
0203020073120001202104
0203020081120001202104
0204010012121001202104
0204010012121007202104
0204010020121001202104
0204010020121007202104
0204010039121001202104
0204010039121007202104
0204010047121001202104
0204010047121007202104
0204010055121001202104
0204010055121007202104
0204010063121001202104
0204010063121007202104
0204010071121001202104
0204010071121007202104
0204010080121001202104
0204010080121007202104
0204010098121001202104
0204010098121007202104
0204010101121001202104
0204010101121007202104
0204010110121001202104
0204010110121007202104
0204010128121001202104
0204010128121007202104
0204010136121001202104
0204010136121007202104
0204010144121001202104
0204010144121007202104
0204010152121001202104
0204010152121007202104
0204010179121001202104
0204010179121007202104
0204010195121001202104
0204010195121007202104
0204010209121001202104
0204010209121007202104
0204020018121001202104
0204020018121007202104
0204020026121001202104
0204020026121007202104
0204020034121001202104
0204020034121007202104
0204020042121001202104
0204020042121007202104
0204020050121001202104
0204020050121007202104
0204020069121001202104
0204020069121007202104
0204020077121001202104
0204020077121007202104
0204020085121001202104
0204020085121007202104
0204020093121001202104
0204020093121007202104
0204020107121001202104
0204020107121007202104
0204020115121001202104
0204020115121007202104
0204020123121001202104
0204020123121007202104
0204020131121001202104
0204020131121007202104
0204030013121001202104
0204030013121007202104
0204030021121001202104
0204030021121007202104
0204030030121012202104
0204030030121013202104
0204030048121001202104
0204030048121007202104
0204030056121001202104
0204030056121007202104
0204030064121001202104
0204030064121007202104
0204030072121001202104
0204030072121007202104
0204030080121001202104
0204030080121007202104
0204030099121001202104
0204030099121007202104
0204030102121001202104
0204030102121007202104
0204030110121001202104
0204030110121007202104
0204030129121001202104
0204030129121007202104
0204030137121001202104
0204030137121007202104
0204030145121001202104
0204030145121007202104
0204030153121001202104
0204030153121007202104
0204030161121001202104
0204030161121007202104
0204030170121001202104
0204030170121007202104
0204030188121012202104
0204030188121013202104
0204040019121001202104
0204040019121007202104
0204040027121001202104
0204040027121007202104
0204040035121001202104
0204040035121007202104
0204040043121001202104
0204040043121007202104
0204040051121001202104
0204040051121007202104
0204040060121001202104
0204040060121007202104
0204040078121001202104
0204040078121007202104
0204040086121001202104
0204040086121007202104
0204040094121001202104
0204040094121007202104
0204040108121001202104
0204040108121007202104
0204040116121001202104
0204040116121007202104
0204040124121001202104
0204040124121007202104
0204050014121001202104
0204050014121007202104
0204050022121001202104
0204050022121007202104
0204050030121001202104
0204050030121007202104
0204050049121001202104
0204050049121007202104
0204050057121001202104
0204050057121007202104
0204050065121001202104
0204050065121007202104
0204050073121001202104
0204050073121007202104
0204050081121001202104
0204050081121007202104
0204050090121001202104
0204050090121007202104
0204050103121001202104
0204050103121007202104
0204050111121001202104
0204050111121007202104
0204050120121001202104
0204050120121007202104
0204050138121001202104
0204050138121007202104
0204050146121001202104
0204050146121007202104
0204050154121001202104
0204050154121007202104
0204050162121001202104
0204050162121007202104
0204050170121001202104
0204050170121007202104
0204050189121001202104
0204050189121007202104
0204060010121001202104
0204060010121007202104
0204060036121001202104
0204060036121007202104
0204060044121001202104
0204060044121007202104
0204060052121001202104
0204060052121007202104
0204060060121001202104
0204060060121007202104
0204060079121001202104
0204060079121007202104
0204060087121001202104
0204060087121007202104
0204060095121001202104
0204060095121007202104
0204060109121001202104
0204060109121007202104
0204060117121001202104
0204060117121007202104
0204060125121001202104
0204060125121007202104
0204060133121001202104
0204060133121007202104
0204060141121001202104
0204060141121007202104
0204060150121001202104
0204060150121007202104
0204060168121001202104
0204060168121007202104
0204060176121001202104
0204060176121007202104
0205010016122003202104
0205010016122007202104
0205010024122003202104
0205010024122007202104
0205010032121002202104
0205010032121008202104
0205010040121002202104
0205010040121008202104
0205010059121002202104
0205010059121008202104
0205020011121002202104
0205020011121008202104
0205020020131001202104
0205020038121002202104
0205020038121008202104
0205020046121002202104
0205020046121008202104
0205020054121002202104
0205020054121008202104
0205020062121002202104
0205020062121008202104
0205020070121002202104
0205020070121008202104
0205020089121002202104
0205020089121008202104
0205020097121002202104
0205020097121008202104
0205020100121002202104
0205020100121008202104
0205020119121002202104
0205020119121008202104
0205020127121002202104
0205020127121008202104
0205020135121002202104
0205020135121008202104
0205020143121002202104
0205020143121008202104
0205020151121002202104
0205020151121008202104
0205020160121002202104
0205020160121008202104
0205020178121002202104
0205020178121008202104
0205020186121002202104
0205020186121008202104
0205020194121002202104
0205020194121008202104
0206010010121003202104
0206010010121009202104
0206010028121003202104
0206010028121009202104
0206010036121003202104
0206010036121009202104
0206010044121003202104
0206010044121009202104
0206010052121003202104
0206010052121009202104
0206010060121003202104
0206010060121009202104
0206010079121003202104
0206010079121009202104
0206010087121003202104
0206010087121009202104
0206010095121003202104
0206010095121009202104
0206010095151001202104
0206020015121003202104
0206020015121009202104
0206020023121003202104
0206020023121009202104
0206020031121003202104
0206020031121009202104
0206020040121003202104
0206020040121009202104
0206030010121003202104
0206030010121009202104
0206030029121003202104
0206030029121009202104
0206030037121003202104
0206030037121009202104
0207010013121004202104
0207010013121010202104
0207010021121004202104
0207010021121010202104
0207010030121004202104
0207010030121010202104
0207010048121004202104
0207010048121010202104
0207010056121004202104
0207010056121010202104
0207010064121004202104
0207010064121010202104
0207010072121004202104
0207010072121010202104
0207020019121004202104
0207020019121010202104
0207020027121004202104
0207020027121010202104
0207020035121004202104
0207020035121010202104
0207030014121004202104
0207030014121010202104
0207030022121004202104
0207030022121010202104
0207030030121004202104
0207030030121010202104
0207030049121004202104
0207030049121010202104
0208010017151001202104
0208010017151003202104
0208010025151001202104
0208010025151003202104
0208010033151001202104
0208010033151003202104
0208010041151001202104
0208010041151003202104
0208010050151001202104
0208010050151003202104
0208010068151001202104
0208010068151003202104
0208010076151001202104
0208010076151003202104
0208010084151001202104
0208010084151003202104
0208010092151001202104
0208010092151003202104
0208020012151001202104
0208020012151003202104
0208020020151001202104
0208020020151003202104
0208020039151001202104
0208020039151003202104
0208020047151001202104
0208020047151003202104
0208020055151001202104
0208020055151003202104
0208020063151001202104
0208020063151003202104
0208020071151001202104
0208020071151003202104
0208020080151001202104
0208020080151003202104
0208020098151001202104
0208020098151003202104
0208020101151001202104
0208020101151003202104
0208020110151001202104
0208020110151003202104
0208020128151001202104
0208020128151003202104
0208030018151001202104
0208030018151003202104
0208030026151001202104
0208030026151003202104
0208030034151001202104
0208030034151003202104
0208030042151001202104
0208030042151003202104
0208030050151001202104
0208030050151003202104
0208040013151001202104
0208040013151003202104
0208040021151001202104
0208040021151003202104
0208040030151001202104
0208040030151003202104
0208040048151001202104
0208040048151003202104
0208040056151001202104
0208040056151003202104
0208040064151001202104
0208040064151003202104
0208040072151001202104
0208040072151003202104
0208040080151001202104
0208040080151003202104
0208040099151001202104
0208040099151003202104
0208040102151001202104
0208040102151003202104
0208050019151001202104
0208050019151003202104
0208050027151001202104
0208050027151003202104
0208050035151001202104
0208050035151003202104
0208050043151001202104
0208050043151003202104
0208060014151001202104
0208060014151003202104
0208060022151001202104
0208060022151003202104
0208060030151001202104
0208060030151003202104
0208070010151001202104
0208070010151003202104
0208070028151001202104
0208070028151003202104
0208070036151001202104
0208070036151003202104
0208070044151001202104
0208070044151003202104
0208080015151001202104
0208080015151003202104
0208080023151001202104
0208080023151003202104
0208080031151001202104
0208080031151003202104
0208080040151001202104
0208080040151003202104
0208090010151001202104
0208090010151003202104
0208090029151001202104
0208090029151003202104
0208090037151001202104
0208090037151003202104
0209010010142001202104
0209010029142001202104
0209010037142001202104
0209010045142001202104
0209010053142001202104
0209010061142001202104
0209020016142003202104
0209030011142004202104
0209040017142002202104
0209040025142002202104
0209040033142002202104
0209040041142002202104
0209040050142002202104
0210010010121001202104
0210010010121007202104
0210010029121001202104
0210010029121007202104
0210010037121006202104
0210010037121011202104
0210010045121001202104
0210010045121007202104
0210010053121001202104
0210010053121007202104
0210010061121001202104
0210010061121007202104
0210010070121001202104
0210010070121007202104
0210010088121001202104
0210010088121007202104
0210010096121001202104
0210010096121007202104
0210010100121001202104
0210010100121007202104
0210010118121001202104
0210010118121007202104
0210010126121001202104
0210010126121007202104
0210010134121001202104
0210010134121007202104
0210010142121001202104
0210010142121007202104
0210010150121001202104
0210010150121007202104
0210010169121001202104
0210010169121006202104
0210010169121007202104
0210010177121001202104
0210010177121007202104
0210010185121001202104
0210010185121007202104
0210010193121001202104
0210010193121007202104
0210010207121001202104
0210010207121007202104
0210020016121001202104
0210020016121007202104
0211010022121002202104
0211020010116005202104
0211020028116005202104
0211020036113001202104
0211020036113002202104
0211020036113003202104
0211020036113004202104
0211020036122003202104
0211020036122007202104
0211020044122002202104
0211020044122006202104
0211020060122001202104
0211020060122005202104
0211030015126008202104
0211030015135001202104
0211030015135002202104
0211030015135003202104
0211030015135004202104
0211030015135005202104
0211030015135010202104
0211030015135011202104
0211030023126008202104
0211030023135001202104
0211030023135002202104
0211030023135003202104
0211030023135004202104
0211030023135005202104
0211030023135010202104
0211030023135011202104
0211030031126008202104
0211030031135001202104
0211030031135002202104
0211030031135003202104
0211030031135004202104
0211030031135005202104
0211030031135010202104
0211030031135011202104
0211030040126008202104
0211030040135001202104
0211030040135002202104
0211030040135003202104
0211030040135004202104
0211030040135005202104
0211030040135010202104
0211030040135011202104
0211030058126008202104
0211030058135001202104
0211030058135002202104
0211030058135003202104
0211030058135004202104
0211030058135005202104
0211030058135010202104
0211030058135011202104
0211030066126008202104
0211030066135001202104
0211030066135002202104
0211030066135003202104
0211030066135004202104
0211030066135005202104
0211030066135010202104
0211030066135011202104
0211030074126008202104
0211030074135001202104
0211030074135002202104
0211030074135003202104
0211030074135004202104
0211030074135005202104
0211030074135010202104
0211030074135011202104
0211030082126008202104
0211030082135001202104
0211030082135002202104
0211030082135003202104
0211030082135004202104
0211030082135005202104
0211030082135010202104
0211030082135011202104
0211030090126008202104
0211030090135001202104
0211030090135002202104
0211030090135003202104
0211030090135004202104
0211030090135005202104
0211030090135010202104
0211030090135011202104
0211040037145009202104
0211050024122004202104
0211050024122008202104
0211050032122004202104
0211050032122008202104
0211050040122004202104
0211050040122008202104
0211050059122004202104
0211050059122008202104
0211050067122004202104
0211050067122008202104
0211050091105006202104
0211050105105009202104
0211050105133001202104
0211050105133002202104
0211050105133003202104
0211050148105006202104
0211050156122004202104
0211050156122008202104
0211060011131001202104
0211060011135001202104
0211060011135004202104
0211060020131001202104
0211060020135001202104
0211060020135004202104
0211060038131001202104
0211060054131001202104
0211060062131001202104
0211060070131001202104
0211060070135001202104
0211060070135004202104
0211060089131001202104
0211060089135001202104
0211060089135004202104
0211060097131001202104
0211060100131001202104
0211060100135001202104
0211060100135004202104
0211060119131001202104
0211060127131001202104
0211060127131006202104
0211060127131007202104
0211060127135001202104
0211060127135004202104
0211060135131001202104
0211060143131001202104
0211060151113001202104
0211060151113002202104
0211060151113003202104
0211060151113004202104
0211060151131001202104
0211060151135001202104
0211060151135004202104
0211060160131001202104
0211060160135001202104
0211060160135004202104
0211060178131001202104
0211060178131005202104
0211060186131001202104
0211060208131001202104
0211060216131001202104
0211060216135001202104
0211060216135004202104
0211060224131001202104
0211060224135001202104
0211060224135004202104
0211060232131001202104
0211060232135001202104
0211060232135004202104
0211060240131001202104
0211060259131001202104
0211060259135001202104
0211060259135004202104
0211060267131001202104
0211060283131001202104
0211070025135005202104
0211070025135010202104
0211070033135005202104
0211070033135010202104
0211070041135010202104
0211070092135005202104
0211070092135010202104
0211070106135005202104
0211070106135010202104
0211070122135010202104
0211070157135005202104
0211070157135010202104
0211070165135005202104
0211070165135010202104
0211070190135001202104
0211070190135002202104
0211070190135003202104
0211070190135004202104
0211070190135005202104
0211070190135010202104
0211070203135005202104
0211070203135010202104
0211070211135005202104
0211070211135010202104
0211070238135005202104
0211070238135010202104
0211070246135005202104
0211070246135010202104
0211070254135010202104
0211070262135005202104
0211070262135010202104
0211070270135010202104
0211070289135005202104
0211070289135010202104
0211070297135005202104
0211070297135010202104
0211070300135005202104
0211070300135010202104
0211070319135005202104
0211070319135010202104
0211070327135005202104
0211070327135010202104
0211070335135005202104
0211070335135010202104
0211070343135005202104
0211070343135010202104
0211070378107008202104
0211070386107008202104
0211070394107008202104
0211070408107008202104
0211070416107008202104
0211080012133001202104
0211080020133001202104
0211080039133001202104
0211080047133001202104
0211080055133002202104
0211080055133003202104
0211080063133001202104
0211080071133001202104
0211080080122001202104
0211080080122005202104
0211100013115002202104
0211100013135001202104
0211100013135003202104
0211100013135004202104
0211100013135005202104
0211100013135010202104
0211100013135011202104
0212010018128002202104
0212010026128002202104
0212010034128002202104
0212010042128002202104
0212010050128002202104
0212010069128002202104
0212020013128003202104
0212020021128003202104
0212020030128003202104
0212020048128003202104
0212020056128003202104
0212020064128003202104
0213010011141001202104
0213010020141001202104
0213010038141001202104
0213010054141001202104
0213010062141001202104
0213010070141001202104
0213010089141001202104
0213010097141001202104
0213010100141001202104
0213010119141001202104
0213010127141001202104
0213010135141001202104
0213010143141001202104
0213010160141001202104
0213010178141001202104
0213010186141001202104
0213010194141001202104
0213010208141001202104
0213010216141001202104
0213010224141001202104
0213010232141001202104
0213010240141001202104
0213010259141001202104
0213010267141001202104
0213010275141001202104
0213010291141001202104
0213010305141001202104
0213010321141001202104
0213010330141001202104
0213010348141001202104
0213010356141001202104
0213010364141001202104
0213010372141001202104
0213010380141001202104
0213010399141001202104
0213010402141001202104
0213010410141001202104
0213010429141001202104
0213010437141001202104
0213010445141001202104
0213010453141001202104
0213010470141001202104
0213010488141001202104
0213010496141001202104
0213010500141001202104
0213010518141001202104
0213010526141001202104
0213010534141001202104
0213010542141001202104
0213010550141001202104
0213010569141001202104
0213010577141001202104
0213010585141001202104
0213010607141001202104
0213010615141001202104
0213010623141001202104
0213010631141001202104
0213010640141001202104
0213010658141001202104
0213010666141001202104
0213010674141001202104
0213010682141001202104
0213010690141001202104
0213010704141001202104
0213020017141003202104
0213020025141003202104
0213020033141003202104
0213020041141003202104
0213020050141003202104
0213020068141003202104
0213020076141003202104
0213020084141003202104
0301010102131001202104
0301010196168001202104
0301010196168002202104
0301010200168001202104
0301010200168002202104
0301010218168001202104
0301010218168002202104
0301010226168001202104
0301010226168002202104
0301020019108001202104
0301020027108001202104
0301030022103006202104
0301030049103012202104
0301030057103002202104
0301030057103005202104
0301030081103002202104
0301030090103003202104
0301030103103002202104
0301030111104003202104
0301030120104003202104
0301030138104003202104
0301030146104003202104
0301030154103001202104
0301030162103003202104
0301030162103005202104
0301040052165001202104
0301040060165008202104
0301050015133001202104
0301050031113001202104
0301050031113003202104
0301050031113004202104
0301050040113001202104
0301050066113003202104
0301050066113004202104
0301050066133001202104
0301050074113002202104
0301050082113003202104
0301050082113004202104
0301050112113003202104
0301050112113004202104
0301050120113003202104
0301050120113004202104
0301050139113003202104
0301050139113004202104
0301050147108003202104
0301050147113003202104
0301050147113004202104
0301050155113002202104
0301050155113004202104
0301070016107005202104
0301070024113001202104
0301070024113002202104
0301070024113003202104
0301070024113004202104
0301070024135001202104
0301070024135002202104
0301070024135003202104
0301070024135004202104
0301070024135005202104
0301070024135010202104
0301070032135005202104
0301070032135010202104
0301070040115002202104
0301070040135001202104
0301070040135002202104
0301070040135003202104
0301070040135004202104
0301070040135005202104
0301070040135010202104
0301070040135011202104
0301070067113001202104
0301070067113002202104
0301070067113003202104
0301070067113004202104
0301070067135001202104
0301070067135002202104
0301070067135003202104
0301070067135004202104
0301070067135005202104
0301070067135010202104
0301070075135001202104
0301070075135002202104
0301070075135003202104
0301070075135004202104
0301070075135005202104
0301070075135009202104
0301070075135010202104
0301070083135001202104
0301070083135002202104
0301070083135003202104
0301070083135004202104
0301070083135005202104
0301070083135010202104
0301070091135003202104
0301070091135011202104
0301070105135003202104
0301070105135011202104
0301070113113001202104
0301070113113002202104
0301070113113003202104
0301070113113004202104
0301070113135001202104
0301070113135002202104
0301070113135003202104
0301070113135004202104
0301070113135005202104
0301070113135010202104
0301070121135003202104
0301070130135003202104
0301070130135011202104
0301070148135001202104
0301070148135004202104
0301070156135001202104
0301070156135004202104
0301070164135001202104
0301070164135004202104
0301070172107008202104
0301070180107008202104
0301070199107008202104
0301080011119001202104
0301080020115002202104
0301080038115002202104
0301080046115001202104
0301080046115004202104
0301080046115005202104
0301080160115002202104
0301080160135001202104
0301080160135003202104
0301080160135004202104
0301080160135005202104
0301080160135010202104
0301080160135011202104
0301080178115002202104
0301080194115002202104
0301080208115002202104
0301080216115002202104
0301080224115002202104
0301080232115002202104
0301080240115002202104
0301080259115002202104
0301080267115002202104
0301080275115002202104
0301080283115002202104
0301080291115002202104
0301080305115002202104
0301080313115002202104
0301080321115002202104
0301080330115002202104
0301080348115002202104
0301080356115002202104
0301080364115008202104
0301080372115006202104
0301080380115007202104
0301080399115002202104
0301110018117002202104
0301110026117002202104
0301120056127001202104
0301120064139005202104
0301120072139006202104
0301120080127001202104
0301130035153001202104
0301130043153001202104
0301130043153002202104
0301130051130006202104
0301130060130006202104
0301140014113002202104
0301140014113004202104
0302010017126001202104
0302010025126001202104
0302010033126001202104
0302020012113001202104
0302020012113002202104
0302020012113003202104
0302020012113004202104
0302020012126002202104
0302020020113001202104
0302020020113002202104
0302020020113003202104
0302020020113004202104
0302020020126002202104
0302020039126002202104
0302030018126003202104
0302030018135001202104
0302030018135004202104
0302030026126003202104
0302030026135001202104
0302030026135004202104
0302040013126002202104
0302040013126004202104
0302040013126006202104
0302040013126007202104
0302040013135003202104
0302040013135011202104
0302040021113001202104
0302040021113002202104
0302040021113003202104
0302040021113004202104
0302040021126004202104
0302040021135003202104
0302040021135004202104
0302040021135011202104
0302040030113001202104
0302040030113002202104
0302040030113003202104
0302040030113004202104
0302040030126004202104
0302040048126004202104
0302040048135003202104
0302040048135011202104
0302040056126004202104
0302040056135003202104
0302040056135011202104
0302050019126005202104
0302050019135003202104
0302050019135011202104
0302050027113001202104
0302050027113002202104
0302050027113003202104
0302050027113004202104
0302050027126005202104
0302050027135003202104
0302050027135004202104
0302050027135011202104
0302050035126005202104
0302060014113001202104
0302060014113002202104
0302060014113003202104
0302060014113004202104
0302060014126007202104
0302060014135003202104
0302060014135004202104
0302060014135011202104
0302060022113001202104
0302060022113002202104
0302060022113003202104
0302060022113004202104
0302060022126007202104
0302060022135003202104
0302060022135004202104
0302060022135011202104
0302060030126007202104
0302060030135003202104
0302060030135011202104
0302060049126007202104
0302060049135002202104
0302060049135003202104
0302060049135004202104
0302060049135011202104
0302060057126007202104
0302060057135003202104
0302060057135011202104
0302070010126006202104
0302070028126006202104
0302070036126006202104
0303030089153001202104
0303030097153001202104
0303040068105001202104
0303040068105002202104
0303040068105003202104
0303040068105004202104
0303040068105005202104
0303040068105006202104
0303040068105007202104
0303040068105008202104
0303040068132005202104
0303040106105001202104
0303040106105002202104
0303040106105003202104
0303040106105004202104
0303040106105005202104
0303040114105001202104
0303040114105002202104
0303040114105003202104
0303040114105004202104
0303040114105005202104
0303040114155001202104
0303040114155002202104
0303040114155003202104
0303040122105001202104
0303040122105002202104
0303040122105003202104
0303040122105004202104
0303040122105005202104
0303040122132005202104
0303040300140005202104
0303040300140006202104
0303040300140019202104
0303050012131002202104
0303050020131002202104
0303050039131002202104
0303050047131002202104
0303050055131002202104
0303050063131002202104
0303050071131002202104
0303050080131002202104
0303050098131002202104
0303050101131002202104
0303050110131002202104
0303050136131002202104
0303050144131002202104
0303050152131002202104
0303050160131002202104
0303050179131002202104
0303050187131002202104
0303050195131002202104
0303050209131002202104
0303050217131002202104
0303050225131002202104
0303050233131002202104
0303070013142001202104
0303070137127001202104
0303170131115003202104
0303170140115003202104
0303170158115003202104
0303170166115003202104
0303170174115003202104
0303170182115003202104
0303190019113001202104
0303190019113002202104
0303190019113003202104
0303190019113004202104
0303190019135003202104
0304010111132001202104
0304010111132002202104
0304010111132003202104
0304010111132004202104
0304010170132004202104
0304010340132004202104
0304010359105003202104
0304010359105004202104
0304010359132001202104
0304010359132003202104
0304010359132004202104
0304010367132004202104
0304010375132004202104
0304010383132004202104
0304010391132004202104
0304010405132004202104
0304010413132004202104
0304010421132004202104
0304010430132004202104
0304010448132004202104
0304010456132004202104
0304010464132004202104
0304010472132004202104
0304010480132004202104
0304010499132004202104
0304010502132004202104
0304010510132004202104
0304010529132004202104
0304010537132004202104
0304010545132004202104
0304010553132004202104
0304010561132004202104
0304010570132004202104
0304010588132004202104
0304010596132004202104
0304020010132003202104
0304020028132003202104
0304020036132003202104
0304020044132003202104
0304020052132003202104
0304020060132003202104
0304020079132003202104
0304020087132003202104
0304020095132003202104
0304020109132003202104
0304020117132003202104
0304020125132003202104
0304020133132003202104
0304020141132003202104
0304020150132003202104
0304020168132003202104
0304020176132003202104
0304020184132003202104
0304020192132003202104
0304020206132003202104
0304020214132003202104
0304020222132003202104
0304020230132003202104
0304020249132003202104
0304020257132003202104
0304020265132003202104
0304020273132003202104
0304020281132003202104
0304020290132003202104
0304020303132003202104
0304020311132003202104
0304020320132003202104
0304020338132003202104
0304020346132003202104
0304020362132003202104
0304020370132003202104
0304020389132003202104
0304020397132003202104
0304020400132003202104
0304020419132003202104
0304020427132003202104
0304020435132003202104
0304020443132003202104
0304030015132002202104
0304030015132003202104
0304030023132002202104
0304030023132003202104
0304030031132002202104
0304030031132003202104
0304030040132002202104
0304030040132003202104
0304030058132002202104
0304030058132003202104
0304030066132002202104
0304030066132003202104
0304030074132002202104
0304030074132003202104
0304030082132002202104
0304030082132003202104
0304030090132002202104
0304030090132003202104
0304030104132002202104
0304030104132003202104
0304030112132002202104
0304030112132003202104
0304030120132002202104
0304030120132003202104
0304030139132002202104
0304030139132003202104
0304030147132002202104
0304030147132003202104
0304030155132002202104
0304030155132003202104
0304030163132002202104
0304030163132003202104
0304030171132002202104
0304030171132003202104
0304030180132002202104
0304030180132003202104
0304030198132002202104
0304030198132003202104
0304030201132002202104
0304030201132003202104
0304030210132002202104
0304030210132003202104
0304030228132002202104
0304030228132003202104
0304030236132003202104
0304030244132003202104
0304030252132002202104
0304030252132003202104
0304030260132002202104
0304030260132003202104
0304040010132003202104
0304040029132003202104
0304040045132003202104
0304040053132003202104
0304040061132003202104
0304040070132003202104
0304040088132003202104
0304040096132003202104
0304040100132003202104
0304040118132003202104
0304040126132003202104
0304040134132003202104
0304040142132003202104
0304040150132003202104
0304040169132003202104
0304040177132003202104
0304040185132003202104
0304040193132003202104
0304040207132003202104
0304050016132003202104
0304050024132003202104
0304050032132003202104
0304050040132003202104
0304050067132003202104
0304050075132003202104
0304050113132003202104
0304050121132003202104
0304050130132003202104
0304050172132003202104
0304050180132003202104
0304050202132003202104
0304050210132003202104
0304050229132003202104
0304050253132003202104
0304050261132003202104
0304050270132003202104
0304050288132003202104
0304050296132003202104
0304050300132003202104
0304050318132003202104
0304050326132003202104
0304050334132003202104
0304050342132003202104
0304060011132002202104
0304060011132003202104
0304060038132002202104
0304060038132003202104
0304060046132002202104
0304060046132003202104
0304060070132002202104
0304060070132003202104
0304060089132002202104
0304060089132003202104
0304060097132002202104
0304060097132003202104
0304060100132002202104
0304060100132003202104
0304060119132002202104
0304060119132003202104
0304060127132002202104
0304060127132003202104
0304060135132002202104
0304060135132003202104
0304060151132003202104
0304060160132003202104
0304060178132003202104
0304060186132003202104
0304060208132003202104
0304060216132003202104
0304060224132002202104
0304060224132003202104
0304060232132002202104
0304060232132003202104
0304060240132002202104
0304060240132003202104
0304070017132001202104
0304070017132002202104
0304070017132003202104
0304070025132001202104
0304070025132002202104
0304070025132003202104
0304070033132001202104
0304070033132002202104
0304070033132003202104
0304070041132001202104
0304070041132002202104
0304070041132003202104
0304070050132001202104
0304070050132003202104
0304070068132001202104
0304070068132002202104
0304070068132003202104
0304070076132001202104
0304070076132002202104
0304070076132003202104
0304080012132001202104
0304080012132002202104
0304080012132003202104
0304080020132001202104
0304080020132002202104
0304080020132003202104
0304080039132001202104
0304080039132002202104
0304080039132003202104
0304080047132001202104
0304080047132003202104
0304080055132001202104
0304080055132002202104
0304080055132003202104
0304080063132003202104
0304080071132001202104
0304080071132002202104
0304080071132003202104
0304090018151001202104
0304090026151001202104
0304090034151001202104
0304090042151001202104
0304090050151001202104
0304090069151001202104
0305010018130005202104
0305010026130005202104
0305010093130001202104
0305010107130001202104
0305010115130001202104
0305010123130001202104
0305010166130005202104
0305010204130001202104
0305010212130001202104
0305010220130001202104
0306010011128001202104
0306010020128001202104
0306010038128001202104
0306020017128004202104
0306020025128004202104
0306020033128004202104
0306020041128003202104
0306020050128004202104
0306020068128004202104
0306020076128004202104
0306020084128004202104
0306020092128004202104
0306020106128004202104
0306020114128004202104
0306020122128004202104
0306020130128004202104
0306020149128004202104
0306020157128004202104
0309030056142003202104
0309030064142003202104
0309030102169002202104
0309030110169002202104
0309030129169002202104
0309030137169002202104
0309050014113001202104
0309050014113002202104
0309050014113003202104
0309050014113004202104
0309050014134001202104
0309050014135001202104
0309050014135002202104
0309050014135003202104
0309050014135004202104
0309050014135005202104
0309050014135010202104
0309050014135011202104
0309050022113001202104
0309050022113002202104
0309050022113003202104
0309050022113004202104
0309050022134001202104
0309050022135001202104
0309050022135002202104
0309050022135003202104
0309050022135004202104
0309050022135005202104
0309050022135010202104
0309050022135011202104
0309050030113001202104
0309050030113002202104
0309050030113003202104
0309050030113004202104
0309050030134003202104
0309050030135001202104
0309050030135002202104
0309050030135003202104
0309050030135004202104
0309050030135005202104
0309050030135010202104
0309050030135011202104
0309070015116008202104
0309070023116008202104
0403010047105001202104
0403010047105002202104
0403010047105003202104
0403010047105004202104
0403010047105005202104
0403010047132005202104
0403010055105001202104
0403010055105002202104
0403010055105003202104
0403010055105004202104
0403010055105005202104
0403010055132005202104
0403010071105001202104
0403010071105002202104
0403010071105003202104
0403010071105004202104
0403010071105005202104
0403010071132005202104
0403010110105001202104
0403010110105002202104
0403010110105003202104
0403010110105004202104
0403010110105005202104
0403010110132005202104
0403010128105001202104
0403010128105002202104
0403010128105003202104
0403010128105004202104
0403010128105005202104
0403010128132005202104
0403010136105001202104
0403010136105002202104
0403010136105003202104
0403010136105004202104
0403010136105005202104
0403010144105001202104
0403010144105002202104
0403010144105003202104
0403010144105004202104
0403010144105005202104
0403010144132005202104
0403010217105001202104
0403010217105002202104
0403010217105003202104
0403010217105004202104
0403010217105005202104
0403010225105001202104
0403010225105002202104
0403010225105003202104
0403010225105004202104
0403010225105005202104
0403010233105001202104
0403010233105002202104
0403010233105003202104
0403010233105004202104
0403010233105005202104
0403010241105001202104
0403010241105002202104
0403010241105003202104
0403010241105004202104
0403010241105005202104
0403010241132005202104
0403010250105001202104
0403010250105002202104
0403010250105003202104
0403010250105004202104
0403010250105005202104
0403010250132005202104
0403010292105001202104
0403010292105002202104
0403010292105003202104
0403010292105004202104
0403010292105005202104
0403010292132005202104
0403010330105001202104
0403010330105002202104
0403010330105003202104
0403010330105004202104
0403010330105005202104
0403010357105001202104
0403010357105002202104
0403010357105003202104
0403010357105004202104
0403010357105005202104
0403010357132005202104
0403010390105001202104
0403010390105002202104
0403010390105003202104
0403010390105004202104
0403010390105005202104
0403010390132005202104
0403020018105001202104
0403020018105002202104
0403020018105003202104
0403020018105004202104
0403020018105005202104
0403020018132005202104
0403020018155001202104
0403020018155002202104
0403020026105001202104
0403020026105002202104
0403020026105003202104
0403020026105004202104
0403020026105005202104
0403020026132005202104
0403020026155001202104
0403020026155002202104
0403020034105001202104
0403020034105002202104
0403020034105003202104
0403020034105004202104
0403020034105005202104
0403020034132005202104
0403020034155001202104
0403020034155002202104
0403020042105001202104
0403020042105002202104
0403020042105003202104
0403020042105004202104
0403020042105005202104
0403020042132005202104
0403020042155001202104
0403020042155002202104
0403020050105001202104
0403020050105002202104
0403020050105003202104
0403020050105004202104
0403020050105005202104
0403020050132005202104
0403020050155001202104
0403020050155002202104
0403020069105001202104
0403020069105002202104
0403020069105003202104
0403020069105004202104
0403020069105005202104
0403020069132005202104
0403020069155001202104
0403020069155002202104
0403020093105001202104
0403020093105002202104
0403020093105003202104
0403020093105004202104
0403020093105005202104
0403020093132005202104
0403020115105001202104
0403020115105002202104
0403020115105003202104
0403020115105004202104
0403020115105005202104
0403020115132005202104
0403020115155001202104
0403020115155002202104
0403020131105001202104
0403020131105002202104
0403020131105003202104
0403020131105004202104
0403020131105005202104
0403020131132005202104
0403020131155001202104
0403020131155002202104
0403030013105001202104
0403030013105002202104
0403030013105003202104
0403030013105004202104
0403030013105005202104
0403030013132005202104
0403030021105001202104
0403030021105002202104
0403030021105003202104
0403030021105004202104
0403030021105005202104
0403030021132005202104
0403030030105001202104
0403030030105002202104
0403030030105003202104
0403030030105004202104
0403030030105005202104
0403030030132005202104
0403030048105001202104
0403030048105002202104
0403030048105003202104
0403030048105004202104
0403030048105005202104
0403030048132005202104
0403030056105001202104
0403030056105002202104
0403030056105003202104
0403030056105004202104
0403030056105005202104
0403030056132005202104
0403030064105001202104
0403030064105002202104
0403030064105003202104
0403030064105004202104
0403030064105005202104
0403030064132005202104
0403030080105001202104
0403030080105002202104
0403030080105003202104
0403030080105004202104
0403030080105005202104
0403030080132005202104
0403030099105001202104
0403030099105002202104
0403030099105003202104
0403030099105004202104
0403030099105005202104
0403030099132005202104
0403030102105001202104
0403030102105002202104
0403030102105003202104
0403030102105004202104
0403030102105005202104
0403030102132005202104
0403030110105001202104
0403030110105002202104
0403030110105003202104
0403030110105004202104
0403030110105005202104
0403030110132005202104
0403030129105001202104
0403030129105002202104
0403030129105003202104
0403030129105004202104
0403030129105005202104
0403030129132005202104
0403030137105001202104
0403030137105002202104
0403030137105003202104
0403030137105004202104
0403030137105005202104
0403030137132005202104
0403030145105001202104
0403030145105002202104
0403030145105003202104
0403030145105004202104
0403030145105005202104
0403030145132005202104
0403030153105001202104
0403030153105002202104
0403030153105003202104
0403030153105004202104
0403030153105005202104
0403030153132005202104
0403030161105001202104
0403030161105002202104
0403030161105003202104
0403030161105004202104
0403030161105005202104
0403030161132005202104
0403040019105001202104
0403040019105002202104
0403040019105003202104
0403040019105004202104
0403040019105005202104
0403040027105001202104
0403040027105002202104
0403040027105003202104
0403040027105004202104
0403040027105005202104
0403040027132005202104
0403040051105001202104
0403040051105002202104
0403040051105003202104
0403040051105004202104
0403040051105005202104
0403040060105001202104
0403040060105002202104
0403040060105003202104
0403040060105004202104
0403040060105005202104
0403040078105001202104
0403040078105002202104
0403040078105003202104
0403040078105004202104
0403040078105005202104
0403040086105001202104
0403040086105002202104
0403040086105003202104
0403040086105004202104
0403040086105005202104
0403040086132005202104
0403040094105001202104
0403040094105002202104
0403040094105003202104
0403040094105004202104
0403040094105005202104
0403040108105001202104
0403040108105002202104
0403040108105003202104
0403040108105004202104
0403040108105005202104
0403040116105001202104
0403040116105002202104
0403040116105003202104
0403040116105004202104
0403040116105005202104
0403040124105001202104
0403040124105002202104
0403040124105003202104
0403040124105004202104
0403040124105005202104
0403050030105001202104
0403050030105002202104
0403050030105003202104
0403050030105004202104
0403050030105005202104
0403050030132005202104
0403050049105001202104
0403050049105002202104
0403050049105003202104
0403050049105004202104
0403050049105005202104
0403050049132005202104
0403050057105001202104
0403050057105002202104
0403050057105003202104
0403050057105004202104
0403050057105005202104
0403050057105008202104
0403050065105001202104
0403050065105002202104
0403050065105003202104
0403050065105004202104
0403050065105005202104
0403050065132005202104
0403050073105001202104
0403050073105002202104
0403050073105003202104
0403050073105004202104
0403050073105005202104
0403050073132005202104
0403050090105001202104
0403050090105002202104
0403050090105003202104
0403050090105004202104
0403050090105005202104
0403050090132005202104
0403050103105001202104
0403050103105002202104
0403050103105003202104
0403050103105004202104
0403050103105005202104
0403050103132005202104
0403050154105001202104
0403050154105002202104
0403050154105003202104
0403050154105004202104
0403050154105005202104
0403050154132005202104
0403050162105001202104
0403050162105002202104
0403050162105003202104
0403050162105004202104
0403050162105005202104
0403050162132005202104
0403060010105006202104
0403060028105006202104
0403060036105006202104
0403060044105006202104
0403060052105006202104
0403060060105006202104
0403060079105006202104
0403060087105006202104
0403060095105006202104
0403070015105007202104
0403070040105007202104
0403070058105007202104
0403070082105007202104
0403070090105007202104
0403070104105007202104
0403070112105007202104
0403070120105007202104
0403070139105007202104
0403070139132005202104
0403070147105007202104
0403070155105007202104
0403070163105007202104
0403080010105008202104
0403080029105008202104
0403080037105008202104
0403080045105008202104
0403080053105008202104
0403080061105008202104
0403080070105008202104
0403080088105008202104
0403080096105008202104
0403080100105008202104
0404010563153002202104
0404010571107008202104
0404010580107008202104
0404010598107008202104
0404010601107008202104
0404010610107008202104
0404010628107008202104
0404010636107008202104
0404010644107008202104
0404010652107008202104
0404020445114006202104
0404020445114007202104
0405010010131003202104
0405010028131003202104
0405010036131003202104
0405010044131003202104
0405010052131003202104
0405010060131003202104
0405010079131003202104
0405010087131003202104
0405010109131003202104
0405010117131003202104
0405010125131003202104
0405010125132001202104
0405010125132005202104
0405010133131003202104
0405010133132001202104
0405010133132005202104
0405010141131003202104
0405010150131003202104
0405010168131003202104
0405010176131003202104
0405010184131003202104
0405010192131003202104
0405010206131003202104
0405020015131003202104
0405020023131003202104
0405030010131003202104
0405030010132001202104
0405030010132005202104
0405030029131003202104
0405030037131003202104
0405030045131003202104
0405030053131003202104
0405030070131003202104
0405030096131003202104
0405030100131003202104
0405030118131003202104
0405030126131003202104
0405030126132001202104
0405030126132005202104
0405030134131003202104
0405030142131003202104
0405030150131003202104
0405030169131003202104
0405030177131003202104
0405030185131003202104
0405030193131003202104
0405030207131003202104
0405030215131003202104
0405030223131003202104
0405030231131003202104
0405040016131003202104
0405040024131003202104
0405040024132001202104
0405040024132005202104
0405040040131003202104
0405040059131003202104
0405040067131003202104
0405040067132001202104
0405040067132005202104
0405040075131003202104
0405040075132001202104
0405040075132005202104
0405040083131003202104
0405040083132001202104
0405040083132005202104
0405040091131003202104
0405040091132001202104
0405040091132005202104
0405040105131003202104
0405040130131003202104
0405040148131003202104
0405040148132001202104
0405040148132005202104
0405040156131003202104
0405040156132001202104
0405040156132005202104
0405040164131003202104
0405040164132001202104
0405040164132005202104
0405040180131003202104
0405040199131003202104
0405040202131003202104
0405040210131003202104
0405050011131003202104
0405050020131003202104
0405050038131003202104
0405050046131003202104
0405050054131003202104
0405050062131003202104
0405050070131003202104
0405050089131003202104
0405050089132001202104
0405050089132005202104
0405050097131003202104
0405050100131003202104
0405050119131003202104
0405050127131003202104
0405050135131003202104
0405050143131003202104
0405050151131003202104
0405050160131003202104
0405050178131003202104
0405050186131003202104
0405050194131003202104
0405050208131003202104
0405050208132001202104
0405050208132005202104
0405050216131003202104
0405050224131003202104
0405050232131003202104
0405050240131003202104
0405050259131003202104
0405050267131003202104
0405050283131003202104
0405050291131003202104
0405050305131003202104
0405050313131003202104
0405050321131003202104
0405050356131003202104
0405050364131003202104
0405050372131003202104
0405050380131003202104
0405050399131003202104
0406010013116003202104
0406010021116002202104
0406010021116003202104
0406010048116002202104
0406010048116003202104
0406010056116002202104
0406010056116003202104
0406010064116002202104
0406010064116003202104
0406010072116002202104
0406010072116003202104
0406010080116002202104
0406010080116003202104
0406010099116002202104
0406010099116003202104
0406010137116002202104
0406010137116003202104
0406010137116004202104
0406010153116003202104
0406010161116002202104
0406010161116003202104
0406010170116002202104
0406010170116003202104
0406010188116002202104
0406010188116003202104
0406010196116003202104
0406010200116002202104
0406010200116003202104
0406010218116002202104
0406010218116003202104
0406010226116003202104
0406010234116002202104
0406010234116003202104
0406010242116002202104
0406010242116003202104
0406010250116003202104
0406010269116003202104
0406010277116003202104
0406010285116003202104
0406010293116002202104
0406010293116003202104
0406010307116002202104
0406010307116003202104
0406010315116002202104
0406010315116003202104
0406010323116002202104
0406010323116003202104
0406010331116003202104
0406010340116002202104
0406010340116003202104
0406010358116002202104
0406010358116003202104
0406010366116003202104
0406010374116003202104
0406010382116002202104
0406010382116003202104
0406010390116002202104
0406010390116003202104
0406010404116002202104
0406010404116003202104
0406010420116003202104
0406010439116002202104
0406010439116003202104
0406010447116003202104
0406010455116002202104
0406010455116003202104
0406010463116003202104
0406010471116003202104
0406010480116002202104
0406010480116003202104
0406010498116003202104
0406010501116002202104
0406010501116003202104
0406010528116002202104
0406010528116003202104
0406010536116002202104
0406010536116003202104
0406010544116002202104
0406010544116003202104
0406010552116002202104
0406010552116003202104
0406010560116002202104
0406010560116003202104
0406010579116002202104
0406010579116003202104
0406010617116002202104
0406010617116005202104
0406010722116002202104
0406011230116002202104
0406011230116003202104
0406011249116002202104
0406011249116003202104
0406011257116002202104
0406011257116003202104
0406011265116002202104
0406011265116003202104
0406011273116002202104
0406011273116003202104
0406011281116002202104
0406011281116003202104
0406011290116002202104
0406011290116003202104
0406011303116002202104
0406011303116003202104
0406011311116002202104
0406011311116003202104
0406011320116002202104
0406011320116003202104
0406011338116002202104
0406011338116003202104
0406011346116002202104
0406011346116003202104
0406011354116002202104
0406011354116003202104
0406011362116002202104
0406011362116003202104
0406011370116002202104
0406011370116003202104
0406011389116002202104
0406011389116003202104
0406011397116002202104
0406011397116003202104
0406011400116002202104
0406011400116003202104
0406011419116002202104
0406011419116003202104
0406011427116002202104
0406011427116003202104
0406011435116002202104
0406011435116003202104
0406011443116002202104
0406011443116003202104
0406011451116002202104
0406011451116003202104
0406011460116002202104
0406011460116003202104
0406011478116002202104
0406011478116003202104
0406011486116002202104
0406011486116003202104
0406011494116002202104
0406011494116003202104
0406011508116002202104
0406011508116003202104
0406011516116002202104
0406011516116003202104
0407010122127001202104
0407010173127001202104
0407010181127001202104
0407010360127001202104
0407010378127001202104
0407030085121006202104
0407030093121006202104
0407030107121006202104
0407030115121006202104
0407030239121006202104
0407030255142001202104
0409010189169002202104
0409050130153002202104
0409050148153002202104
0409060291153002202104
0409070319153002202104
0410010197153002202104
0410010200153002202104
0413010015117002202104
0413010015140019202104
0413010031117002202104
0413010040117002202104
0413010058117002202104
0413010066117002202104
0413010066140019202104
0413010074117002202104
0413010082117002202104
0413010082140012202104
0413010082140019202104
0413010090117002202104
0413010090140006202104
0413010090140019202104
0413030016117001202104
0413030024117001202104
0413030032117001202104
0413030040117001202104
0413030040117003202104
0413030059117001202104
0413030067117001202104
0413030075117001202104
0413030083117001202104
0413040038127001202104
0413040054127001202104
0413040062127001202104
0413040070127001202104
0413040089127001202104
0413040259127001202104
0415020018127001202104
0415020050132005202104
0416010016132005202104
0416010024132005202104
0416010032132005202104
0416010040132005202104
0416010075132005202104
0416010091132005202104
0416010113132005202104
0416010121132005202104
0416010130132005202104
0416010164132005202104
0416010172132005202104
0416010180132005202104
0416010199132005202104
0416010202132005202104
0416010210132005202104
0416010229132005202104
0416020020132005202104
0416020151132005202104
0416020160132005202104
0416020178132005202104
0416020186132005202104
0416020194132005202104
0416020208132005202104
0416020216132005202104
0416020224132005202104
0416020232132005202104
0416020240132005202104
0416020259132005202104
0416030017132005202104
0416030025132005202104
0416030033132005202104
0416030041132005202104
0416030068132005202104
0416030076132005202104
0416030084132005202104
0416030092132005202104
0416030149132005202104
0416030157132005202104
0416030165132005202104
0416030173132005202104
0416030181132005202104
0416030190132005202104
0416030203132005202104
0416030211132005202104
0416030220132005202104
0416030238132005202104
0416030246132005202104
0416030254132005202104
0416030262132005202104
0416030270132005202104
0416030289132005202104
0416030297132005202104
0416030300132005202104
0416030319132005202104
0416030327132005202104
0416030335132005202104
0416030343132005202104
0416030351132005202104
0416030360132005202104
0416040012132005202104
0416040020132005202104
0416040039132005202104
0416040047132005202104
0416040055132005202104
0416040071132005202104
0416040101132005202104
0416040110132005202104
0416040128132005202104
0416040144132005202104
0416040179132005202104
0416040187132005202104
0416040195132005202104
0416040209132005202104
0416040217132005202104
0416040225132005202104
0416040233132005202104
0416040241132005202104
0416040250132005202104
0416040268132005202104
0416040276132005202104
0416040284132005202104
0416050018132005202104
0416050026132005202104
0416050034132005202104
0416050050132005202104
0416050077132005202104
0416050093132005202104
0416050107132005202104
0416050115132005202104
0416060013132005202104
0416060021132005202104
0416060030132005202104
0416060056132005202104
0416060064132005202104
0416060080132005202104
0416060099132005202104
0416060102132005202104
0416060110132005202104
0416060129132005202104
0416080014132005202104
0416080030132005202104
0416080081132005202104
0416080090132005202104
0416080111132005202104
0416080120132005202104
0416090010132005202104
0416090028132005202104
0416090036132005202104
0416090079132005202104
0416090109132005202104
0416090117132005202104
0416090125132005202104
0416090133132005202104
0416110010132005202104
0416110029132005202104
0416110037132005202104
0416110045132005202104
0416110053132005202104
0416110061132005202104
0416110070132005202104
0416110088132005202104
0416120024132005202104
0416120032132005202104
0416120040132005202104
0416120059132005202104
0418010013150002202104
0418010021150002202104
0418010030150001202104
0418010048130003202104
0418010064130003202104
0418010080130003202104
0418010099130003202104
0418020019130003202104
0418020027130003202104
0418020035130003202104
0501010017128001202104
0501060014121001202104
0501060014121007202104
0501060014149015202104
0501060022149015202104
0501060022151001202104
0501060022151003202104
0501060030121002202104
0501060030121008202104
0501060030149015202104
0501060049122004202104
0501060049122008202104
0501060049149015202104
0501060057121001202104
0501060057121002202104
0501060057121007202104
0501060057121008202104
0501060057122004202104
0501060057122008202104
0501060057149015202104
0501060057151001202104
0501060057151003202104
0501070028145003202104
0501070036145003202104
0501080031145008202104
0501080104145008202104
0502010010149015202104
0502010029149015202104
0503010014149015202104
0503010022149015202104
0503030015149015202104
0503030023149015202104
0503030031149015202104
0503030040149015202104
0503030058149015202104
0503030058149016202104
0503030066149015202104
0503030074149015202104
0503030082149015202104
0503030090149015202104
0503030104149015202104
0503040010149015202104
0503040029149015202104
0503040037149015202104
0503040045149015202104
0503040053149015202104
0503040061149015202104
0503040088149015202104
0504020013154002202104
0504020021154002202104
0504020030154002202104
0504020048154002202104
0504020056154002202104
0504030027154001202104
0506010023149014202104
0506010058149015202104
0603010016125006202104
0603020011125006202104
0603020020125006202104
0603020038125006202104
0603020046125006202104
0603020054125006202104
0603020097125006202104
0603020100125006202104
0603030017125006202104
0603030033125006202104
0603040012125006202104
0603050018125006202104
0603050026125006202104
0603050034125006202104
0603050042125006202104
0603050050125006202104
0603050069125006202104
0603050077125006202104
0603050085125006202104
0603050093125006202104
0603050107125006202104
0603050115103003202104
0603050115103005202104
0603050115103012202104
0603050123103003202104
0603050123103005202104
0603050123103012202104
0603060013125006202104
0603070019125006202104
0603070027125006202104
0603070035125006202104
0603070043125006202104
0603070051125006202104
0603080014125006202104
0603080022125006202104
0603080030125006202104
0603080049125006202104
0603080057125006202104
0603080065125006202104
0603080081125006202104
0603080103125006202104
0603080120125006202104
0603080138125006202104
0603080146125006202104
0603080154125006202104
0603080162125006202104
0603080170125006202104
0603080189125006202104
0603080197125006202104
0603080200125006202104
0603080219125006202104
0603080227125006202104
0603080278125006202104
0603080286125006202104
0603080294125006202104
0604010010125001202104
0604010028125001202104
0604010036125001202104
0604010044125001202104
0604010052125001202104
0604010060125001202104
0604010079125001202104
0604010087125001202104
0604010095125001202104
0604020015125001202104
0604020023125001202104
0604020031125001202104
0604020040125001202104
0604020058125001202104
0604030010125001202104
0604030037125001202104
0604030045125001202104
0604030053125001202104
0604030061125001202104
0604040016125001202104
0604040024125001202104
0604040032125001202104
0604040040125001202104
0604040059125001202104
0604040067125001202104
0604040075125001202104
0604040091125001202104
0604050011125001202104
0604050020125001202104
0604050038125001202104
0604050046125001202104
0604050054125001202104
0604050062125001202104
0604050070125001202104
0604050089125001202104
0604050097125001202104
0604050100125001202104
0604050119125001202104
0604060017125001202104
0604060025125001202104
0604070012125001202104
0604080018125001202104
0604080026125001202104
0604090013125001202104
0604100019125001202104
0604100027125001202104
0604100035125001202104
0604110014125001202104
0604110022125001202104
0604110030125001202104
0604110049125001202104
0604110057125001202104
0604110065125001202104
0604120010125001202104
0604130015125001202104
0604130023125001202104
0604130031125001202104
0604130040125001202104
0604130058125001202104
0604130066125001202104
0604130074125001202104
0604130082125001202104
0604130090125001202104
0604130104125001202104
0604130112125001202104
0604130120125001202104
0604130139125001202104
0604140029125001202104
0604140037125001202104
0604150016125001202104
0604150024125001202104
0604160011125001202104
0604160020125001202104
0604160046125001202104
0604160054125001202104
0604160062125001202104
0604170017125001202104
0604170025125001202104
0604170033125001202104
0604170041125001202104
0604170050125001202104
0604180012125001202104
0604180020125001202104
0604190018125001202104
0604200013125001202104
0604210019125001202104
0604210027125001202104
0604220014125001202104
0604230010125001202104
0604230028125001202104
0604230036125001202104
0604230044125001202104
0604230052125001202104
0604230060125001202104
0604230079125001202104
0604230087125001202104
0604240015125001202104
0604240023125001202104
0604240031125001202104
0604240040125001202104
0604240058125001202104
0604240066125001202104
0604240074125001202104
0604240082125001202104
0604240090125001202104
0604250010125001202104
0604250037125001202104
0604250045125001202104
0604260016125001202104
0604270011125001202104
0604270020125001202104
0604270038125001202104
0604270046125001202104
0604270054125001202104
0604270062125001202104
0604270070125001202104
0604270089125001202104
0604270097125001202104
0604270100125001202104
0604270119125001202104
0604280068125001202104
0604280076125001202104
0604280084125001202104
0604280092125001202104
0604280106125001202104
0604290012125001202104
0604290020125001202104
0604290039125001202104
0604290047125001202104
0604290063125001202104
0604290071125001202104
0604290080125001202104
0604300018125001202104
0604300026125001202104
0604300034125001202104
0604300042125001202104
0604310013125001202104
0604310021125001202104
0604310030125001202104
0604310048125001202104
0604310056125001202104
0604310064125001202104
0604320019125001202104
0604320027125001202104
0604320035125001202104
0604320043125001202104
0604320051125001202104
0604320060125001202104
0604320078125001202104
0604320086125001202104
0604320094125001202104
0604320116125001202104
0604320124125001202104
0604320132125001202104
0604320140125001202104
0604320159125001202104
0604330014125001202104
0604330022125001202104
0604340010125001202104
0604340028125001202104
0604340036125001202104
0604340044125001202104
0604340052125001202104
0604340060125001202104
0604340079125001202104
0604350015125001202104
0604350023125001202104
0604350031125001202104
0604360010125001202104
0604360029125001202104
0604360037125001202104
0604360045125001202104
0604360053125001202104
0604360061125001202104
0604360070125001202104
0604360088125001202104
0604360096125001202104
0604360100125001202104
0604360118125001202104
0604360126125001202104
0604370016125001202104
0604370024125001202104
0604370032125001202104
0604380011125001202104
0604380020125001202104
0604380038125001202104
0604380046125001202104
0604380054125001202104
0604380062125001202104
0604380070125001202104
0604380089125001202104
0604380097125001202104
0604380100125001202104
0604390017125001202104
0604390025125001202104
0604390033125001202104
0604390041125001202104
0604390050125001202104
0604390068125001202104
0604390076125001202104
0604390084125001202104
0604390092125001202104
0604390106125001202104
0604390114125001202104
0604400012125001202104
0604410018125001202104
0604410026125001202104
0604410034125001202104
0604420013125001202104
0604430019125001202104
0604440014125001202104
0604450010125001202104
0604460023125001202104
0604460031125001202104
0604460040125001202104
0604460058125001202104
0604460066125001202104
0604470010125001202104
0604470029125001202104
0604470037125001202104
0604470045125001202104
0604470053125001202104
0604480016125001202104
0604490011125001202104
0604490020125001202104
0604500017125001202104
0604500025125001202104
0604500033125001202104
0604500041125001202104
0604500050125001202104
0604500068125001202104
0604500076125001202104
0604500084125001202104
0604500092125001202104
0604500106125001202104
0604500114125001202104
0604500122125001202104
0604510012125001202104
0604510020125001202104
0604510039125001202104
0604510047125001202104
0604520018125001202104
0604520026125001202104
0604530013125001202104
0604530021125001202104
0604530030125001202104
0604540019125001202104
0604540027125001202104
0604540035125001202104
0604540043125001202104
0604540060125001202104
0604540078125001202104
0604550014125001202104
0604550022125001202104
0604560010125001202104
0604570015125001202104
0604570023125001202104
0604570031125001202104
0604580010125001202104
0604580029125001202104
0604590016125001202104
0604590024125001202104
0604600011125001202104
0604600020125001202104
0604610017125001202104
0604610025125001202104
0604610033125001202104
0604620012125001202104
0604620020125001202104
0604620039125001202104
0604620047125001202104
0604630018125001202104
0604630026125001202104
0604630034125001202104
0604630042125001202104
0604630050125001202104
0604630069125001202104
0604630077125001202104
0604650019125001202104
0604650027125001202104
0604650035125001202104
0604660014125001202104
0604660022125001202104
0604660030125001202104
0604670010125001202104
0604680023125001202104
0604680031125001202104
0604690010125001202104
0604690029125001202104
0604690037125001202104
0604700016125001202104
0604710011125001202104
0604710020125001202104
0604720017125001202104
0604720025125001202104
0604730012125001202104
0604740018125001202104
0604750013125001202104
0604750021125001202104
0604750030125001202104
0604750048125001202104
0604760019125001202104
0604760027125001202104
0604760035125001202104
0604760051125001202104
0604760060125001202104
0604760078125001202104
0604760086125001202104
0604770030125001202104
0604780010125001202104
0604790015125001202104
0604800010125001202104
0604810016125001202104
0604820011125001202104
0604830017125001202104
0604830025125001202104
0604830033125001202104
0701010010164001202104
0701010029164001202104
0701010037164001202104
0701010045164001202104
0701010053164001202104
0701010061164001202104
0701010070164001202104
0701010088164001202104
0701010096164001202104
0701010100164001202104
0701010118164001202104
0701010126164001202104
0701010134164001202104
0701010142164001202104
0701010150164001202104
0701010169164001202104
0701010177164001202104
0701010185164002202104
0701010193164002202104
0701010207164001202104
0701010207164002202104
0701010215164001202104
0701010215164002202104
0701010223164001202104
0701010223164002202104
0701010231164001202104
0701010231164002202104
0701010240164001202104
0701010240164002202104
0701010258164001202104
0701010258164002202104
0701010266164001202104
0701010266164002202104
0701010274164001202104
0701010274164002202104
0701010282164001202104
0701010282164002202104
0701010290164001202104
0701010290164002202104
0701010304164001202104
0701010304164002202104
0701010312164001202104
0701010312164002202104
0701010320164001202104
0701010320164002202104
0701010339164001202104
0701010339164002202104
0701020016164003202104
0701020024164003202104
0701020032164003202104
0701020040164003202104
0701020059164003202104
0701020067164003202104
0701020075164003202104
0701020083164003202104
0701020091164003202104
0701020105164003202104
0701020113164003202104
0701020121164003202104
0701020130164003202104
0701020148164003202104
0701020156164003202104
0701020164164003202104
0701020172164003202104
0701020180164003202104
0701020199164003202104
0701020202164003202104
0701020210164003202104
0701020229164003202104
0701020237164003202104
0701020245164003202104
0701020253164003202104
0701020261164003202104
0701020270164003202104
0701020288164003202104
0701020296164003202104
0701020300164003202104
0701020318164003202104
0701020326164003202104
0701020334164003202104
0701020342164003202104
0701020350164003202104
0701020369164003202104
0701020377164003202104
0701020385164003202104
0701020393164003202104
0701020407164003202104
0701020415164003202104
0701020423164003202104
0701020431164003202104
0701020440164003202104
0701020458164003202104
0701020466164003202104
0701020474164003202104
0701020482164003202104
0701020490164003202104
0701020504164003202104
0701020512164003202104
0701020520164003202104
0701020539164003202104
0701020547164003202104
0701020555164003202104
0701020563164003202104
0701020571164004202104
0701020580164004202104
0701020598164001202104
0701020601164001202104
0701020610164001202104
0701020628164001202104
0701020636164001202104
0701020644164001202104
0701020652164001202104
0701030011164005202104
0701030020164005202104
0701030038164005202104
0701030046164005202104
0701030054164005202104
0701030062164005202104
0701030070164005202104
0701030089164005202104
0701030097164005202104
0701030100164005202104
0701030119164005202104
0701030127164005202104
0701030135164005202104
0701030143164005202104
0701030151164005202104
0701030160164005202104
0701030178164005202104
0701030186164005202104
0701030194164005202104
0701030208164005202104
0701030216164005202104
0701030224164005202104
0701030232164005202104
0701030240164005202104
0701030259164005202104
0701030267164005202104
0701030275164005202104
0701030283164005202104
0701030291164005202104
0701030305164006202104
0701030321164005202104
0701030321164006202104
0701030348107008202104
0701030356132005202104
0701040017164007202104
0701040025164007202104
0701040033164007202104
0701040041164007202104
0701040050164007202104
0701040068164007202104
0701040092164007202104
0701040106164007202104
0701040114164007202104
0701040122164007202104
0701040130164007202104
0701040149164008202104
0701040157164008202104
0701050012135012202104
0701050012135013202104
0701050020135012202104
0701050020135013202104
0701050047135012202104
0701050047135013202104
0701060018135012202104
0701060018135013202104
0701060026135012202104
0701060026135013202104
0701060034135012202104
0701060034135013202104
0701060042135012202104
0701060042135013202104
0701070013123007202104
0701070021123007202104
0701070030123007202104
0701070048123007202104
0701070056123007202104
0701070064123007202104
0701070072123007202104
0701070080123007202104
0701070099157001202104
0701070102157001202104
0701070110123007202104
0701070129157001202104
0701070137157001202104
0701070145157001202104
0701070161123007202104
0701070161123008202104
0701070170123007202104
0701070170123008202104
0701080027123008202104
0701080043123008202104
0701080051123008202104
0701080060123008202104
0701080078123008202104
0701080086123008202104
0701080094123008202104
0701080132123008202104
0701080140123008202104
0701080159123008202104
0701080167123008202104
0701080175123008202104
0701080183123008202104
0701080191123008202104
0701090014164009202104
0701090022164009202104
0701090030164009202104
0701090049164009202104
0701090057164009202104
0701090065164009202104
0701090073164009202104
0701090081164009202104
0701090090164009202104
0701090103107008202104
0701090111107008202104
0701090120107008202104
0701090138107008202104
0701090146107008202104
0701090154107008202104
0701090162107008202104
0701090170107008202104
0701090189107008202104
0701090197107008202104
0701090200107008202104
0701090219107008202104
0701090227107008202104
0701090235107008202104
0701100010123010202104
0701100028123010202104
0701100036123010202104
0701100044123010202104
0701100052123010202104
0701100060123010202104
0701100079123010202104
0701100087123010202104
0701100095123010202104
0701100109123010202104
0702070041131002202104
0702070050131002202104
0702090050107008202104
0702090069107008202104
0702090085107008202104
0702090093107008202104
0702100013130001202104
0702100021130001202104
0702100030130001202104
0702100048130001202104
0702100056130005202104
0702100064130005202104
0702100072130005202104
0702100080130001202104
0702100080130005202104
0702100099130001202104
0702100102130001202104
